time,event,task_id,node_id,priority,steps,complexity,deadline,base_execution_time,delay_multiplier,rough_score,details
0.000,ARRIVED,1,0,8,13,5.888,28.581,5.016,1.000,0.000000,
0.000,STARTED,1,0,8,13,5.888,28.581,5.016,1.000,0.000000,observed_rate=1.000
0.000,ARRIVED,2,1,4,20,4.050,41.816,2.814,1.543,0.000000,
0.000,ARRIVED,3,1,3,18,4.135,109.741,7.348,1.000,0.000000,
0.000,STARTED,2,1,4,20,4.050,41.816,2.814,1.543,0.000000,observed_rate=2.000
0.000,ARRIVED,4,2,2,12,9.371,67.832,5.550,1.000,0.000000,
0.000,STARTED,4,2,2,12,9.371,67.832,5.550,1.000,0.000000,observed_rate=1.000
0.000,ARRIVED,5,3,4,19,2.110,69.479,7.901,2.003,0.000000,
0.000,ARRIVED,6,3,3,6,5.571,108.254,5.034,1.768,0.000000,
0.000,STARTED,5,3,4,19,2.110,69.479,7.901,2.003,0.000000,observed_rate=2.000
0.000,ARRIVED,7,4,6,2,6.934,118.358,6.855,1.000,0.000000,
0.000,ARRIVED,8,4,3,9,7.479,113.661,4.454,1.000,0.000000,
0.000,ARRIVED,9,4,9,14,7.747,77.626,3.856,1.000,0.000000,
0.000,ARRIVED,10,4,7,18,1.013,81.910,5.886,1.000,0.000000,
0.000,ARRIVED,11,4,7,10,6.987,63.618,2.582,1.000,0.000000,
0.000,STARTED,7,4,6,2,6.934,118.358,6.855,1.000,0.000000,observed_rate=5.000
1.000,ARRIVED,12,1,1,19,3.741,109.467,7.224,1.000,0.000000,
1.000,ARRIVED,13,1,1,3,1.815,76.039,5.753,2.556,0.000000,
1.000,ARRIVED,14,3,4,14,3.091,112.326,5.700,1.000,0.000000,
1.000,ARRIVED,15,4,6,20,6.869,38.753,4.260,1.000,0.000000,
1.000,ARRIVED,16,4,6,10,1.610,79.266,3.354,1.000,0.000000,
1.000,ARRIVED,17,4,7,1,7.629,75.227,4.060,1.000,0.000000,
1.000,ARRIVED,18,4,1,18,4.980,45.498,2.417,1.000,0.000000,
2.000,ARRIVED,19,0,2,8,2.935,104.439,2.412,1.000,0.000000,
2.000,ARRIVED,20,4,8,6,7.449,51.617,4.422,1.000,0.000000,
2.000,ARRIVED,21,4,9,3,9.083,110.946,2.982,1.000,0.000000,
2.000,ARRIVED,22,4,3,19,4.252,25.924,2.999,1.000,0.000000,
3.000,ARRIVED,23,0,6,14,4.643,91.520,3.420,1.000,0.000000,
3.000,ARRIVED,24,0,7,5,3.886,37.750,5.493,1.000,0.000000,
3.000,ARRIVED,25,1,9,4,5.990,67.192,2.115,1.857,0.000000,
3.000,ARRIVED,26,1,8,4,5.918,47.096,5.923,1.000,0.000000,
3.000,ARRIVED,27,2,7,7,1.715,34.150,7.404,1.000,0.000000,
3.000,ARRIVED,28,3,1,6,1.372,65.030,2.041,1.000,0.000000,
3.000,ARRIVED,29,4,7,9,9.959,40.234,2.113,1.000,0.000000,
3.000,ARRIVED,30,4,10,4,1.737,32.786,4.456,1.000,0.000000,
3.000,ARRIVED,31,4,4,17,8.409,102.211,4.527,1.000,0.000000,
3.000,ARRIVED,32,4,1,12,1.943,106.159,7.631,1.000,0.000000,
3.000,ARRIVED,33,4,5,6,6.993,107.752,6.017,1.000,0.000000,
3.000,ARRIVED,34,4,6,18,7.487,116.798,7.266,2.038,0.000000,
4.000,ARRIVED,35,0,2,3,2.038,59.241,4.181,1.000,0.000000,
4.000,ARRIVED,36,1,8,2,6.640,76.431,2.794,1.000,0.000000,
4.000,ARRIVED,37,2,5,13,5.324,91.009,6.757,1.000,0.000000,
4.000,ARRIVED,38,2,10,10,7.493,38.846,3.874,2.551,0.000000,
4.000,ARRIVED,39,2,9,15,7.538,36.007,4.407,1.000,0.000000,
4.000,ARRIVED,40,3,7,6,7.093,120.540,5.373,1.000,0.000000,
4.000,ARRIVED,41,3,3,2,9.174,46.753,2.961,1.000,0.000000,
4.000,ARRIVED,42,3,3,6,4.799,72.506,5.814,1.000,0.000000,
4.000,ARRIVED,43,4,5,18,2.194,85.288,4.199,1.000,0.000000,
4.000,ARRIVED,44,4,8,2,6.136,107.551,3.876,1.668,0.000000,
4.342,FINISHED,2,1,4,20,4.050,41.816,2.814,1.543,0.000000,
4.342,STARTED,3,1,3,18,4.135,109.741,7.348,1.000,0.000000,observed_rate=1.000
5.000,ARRIVED,45,0,5,11,6.802,66.611,7.587,1.000,0.000000,
5.000,ARRIVED,46,2,8,11,9.899,51.659,4.934,1.000,0.000000,
5.000,ARRIVED,47,2,10,17,4.975,92.484,3.982,1.000,0.000000,
5.000,ARRIVED,48,3,5,12,9.194,92.900,5.987,1.000,0.000000,
5.000,ARRIVED,49,3,1,1,4.018,57.908,4.001,1.000,0.000000,
5.000,ARRIVED,50,3,6,15,6.831,39.886,7.740,1.000,0.000000,
5.000,ARRIVED,51,3,7,18,9.591,102.185,2.852,1.000,0.000000,
5.000,ARRIVED,52,4,1,20,3.706,41.046,6.729,1.000,0.000000,
5.000,ARRIVED,53,4,5,6,7.759,25.189,7.027,1.000,0.000000,
5.000,ARRIVED,54,4,2,16,8.243,91.559,2.592,1.000,0.000000,
5.000,ARRIVED,55,4,8,6,6.631,73.460,2.565,1.000,0.000000,
5.000,ARRIVED,56,4,2,15,2.656,71.545,3.735,2.290,0.000000,
5.016,FINISHED,1,0,8,13,5.888,28.581,5.016,1.000,0.000000,
5.016,STARTED,19,0,2,8,2.935,104.439,2.412,1.000,0.000000,observed_rate=1.000
5.550,FINISHED,4,2,2,12,9.371,67.832,5.550,1.000,0.000000,
5.550,STARTED,27,2,7,7,1.715,34.150,7.404,1.000,0.000000,observed_rate=2.000
6.000,ARRIVED,57,0,2,3,2.899,27.090,3.452,2.444,0.000000,
6.000,ARRIVED,58,1,4,11,1.719,32.073,4.890,1.000,0.000000,
6.000,ARRIVED,59,2,2,2,4.541,84.820,6.753,1.000,0.000000,
6.000,ARRIVED,60,2,4,10,9.455,30.439,7.090,1.000,0.000000,
6.000,ARRIVED,61,2,9,10,2.748,114.773,4.798,1.000,0.000000,
6.000,ARRIVED,62,3,3,8,1.945,36.613,5.402,2.883,0.000000,
6.000,ARRIVED,63,3,4,1,3.963,109.539,2.232,1.000,0.000000,
6.000,ARRIVED,64,3,10,17,2.538,110.387,7.194,1.000,0.000000,
6.000,ARRIVED,65,3,3,20,6.583,59.647,4.161,1.588,0.000000,
6.000,ARRIVED,66,4,9,12,6.267,116.712,3.907,1.000,0.000000,
6.000,ARRIVED,67,4,2,2,2.920,77.288,7.976,1.000,0.000000,
6.000,ARRIVED,68,4,7,13,1.775,37.876,3.282,1.000,0.000000,
6.000,ARRIVED,69,4,1,19,7.513,81.446,4.722,1.000,0.000000,
6.000,ARRIVED,70,4,5,10,3.862,61.451,4.807,1.983,0.000000,
6.000,ARRIVED,71,4,7,10,8.915,115.627,4.578,1.000,0.000000,
6.855,FINISHED,7,4,6,2,6.934,118.358,6.855,1.000,0.000000,
6.855,STARTED,8,4,3,9,7.479,113.661,4.454,1.000,0.000000,observed_rate=6.000
7.000,ARRIVED,72,0,4,1,3.708,50.070,6.881,1.000,0.000000,
7.000,ARRIVED,73,0,5,18,7.215,29.020,7.637,2.637,0.000000,
7.000,ARRIVED,74,0,8,15,7.535,83.384,2.783,1.000,0.000000,
7.000,ARRIVED,75,1,10,13,3.124,118.551,7.490,1.000,0.000000,
7.000,ARRIVED,76,1,3,16,5.800,92.151,7.438,1.000,0.000000,
7.000,ARRIVED,77,2,2,15,8.493,29.420,2.342,1.000,0.000000,
7.000,ARRIVED,78,2,9,8,3.818,52.903,6.878,2.929,0.000000,
7.000,ARRIVED,79,3,9,15,6.002,108.163,6.348,1.000,0.000000,
7.000,ARRIVED,80,3,6,13,6.293,35.094,6.692,1.000,0.000000,
7.000,ARRIVED,81,4,8,14,5.985,59.741,5.894,1.000,0.000000,
7.429,FINISHED,19,0,2,8,2.935,104.439,2.412,1.000,0.000000,
7.429,STARTED,23,0,6,14,4.643,91.520,3.420,1.000,0.000000,observed_rate=3.000
8.000,ARRIVED,82,0,1,19,2.983,85.869,7.174,1.995,0.000000,
8.000,ARRIVED,83,1,8,11,2.184,80.556,3.872,2.138,0.000000,
8.000,ARRIVED,84,1,4,11,2.123,95.277,6.089,1.000,0.000000,
8.000,ARRIVED,85,1,6,12,2.738,53.341,7.035,2.422,0.000000,
8.000,ARRIVED,86,2,1,16,6.703,54.693,5.780,2.306,0.000000,
8.000,ARRIVED,87,3,9,16,4.316,93.170,2.807,2.881,0.000000,
8.000,ARRIVED,88,3,4,7,8.739,66.172,2.208,2.965,0.000000,
8.000,ARRIVED,89,4,1,16,5.014,92.386,5.604,1.594,0.000000,
8.000,ARRIVED,90,4,3,16,7.365,81.346,2.404,1.000,0.000000,
9.000,ARRIVED,91,0,2,17,8.183,50.221,6.572,1.000,0.000000,
9.000,ARRIVED,92,0,8,12,1.719,69.494,5.457,1.000,0.000000,
9.000,ARRIVED,93,1,10,20,1.990,82.114,4.172,1.000,0.000000,
9.000,ARRIVED,94,1,4,7,6.411,93.668,4.618,1.633,0.000000,
9.000,ARRIVED,95,1,4,3,2.594,59.351,3.182,2.782,0.000000,
9.000,ARRIVED,96,2,5,13,6.549,106.733,7.199,1.000,0.000000,
9.000,ARRIVED,97,3,8,13,7.564,63.307,7.134,1.000,0.000000,
9.000,ARRIVED,98,4,6,6,4.677,61.867,5.899,1.000,0.000000,
9.000,ARRIVED,99,4,4,11,4.854,29.119,6.132,1.000,0.000000,
9.000,ARRIVED,100,4,2,20,7.753,92.651,6.486,1.000,0.000000,
9.000,ARRIVED,101,4,7,18,4.043,33.503,7.107,1.000,0.000000,
9.000,ARRIVED,102,4,1,2,2.380,63.535,6.365,1.000,0.000000,
9.000,ARRIVED,103,4,4,10,6.021,62.378,6.747,1.000,0.000000,
9.000,ARRIVED,104,4,5,6,3.081,79.710,3.214,1.000,0.000000,
9.000,ARRIVED,105,4,8,18,7.992,75.122,2.291,1.745,0.000000,
10.000,ARRIVED,106,0,3,3,8.124,125.921,4.080,1.000,0.000000,
10.000,ARRIVED,107,0,3,19,1.160,87.110,3.922,2.558,0.000000,
10.000,ARRIVED,108,1,10,20,8.284,38.677,5.512,1.000,0.000000,
10.000,ARRIVED,109,1,10,9,5.316,75.614,4.078,1.940,0.000000,
10.000,ARRIVED,110,2,6,15,6.392,109.636,5.788,1.000,0.000000,
10.000,ARRIVED,111,2,6,4,1.408,50.734,7.691,1.698,0.000000,
10.000,ARRIVED,112,3,2,20,8.081,31.641,4.376,1.000,0.000000,
10.000,ARRIVED,113,3,9,8,2.392,85.374,5.414,1.000,0.000000,
10.000,ARRIVED,114,3,10,17,6.503,41.490,7.776,1.000,0.000000,
10.000,ARRIVED,115,3,3,5,2.321,113.141,3.571,1.000,0.000000,
10.000,ARRIVED,116,4,8,4,5.407,34.475,5.314,1.000,0.000000,
10.000,ARRIVED,117,4,8,4,7.950,81.190,6.554,1.000,0.000000,
10.000,ARRIVED,118,4,5,12,1.189,31.482,3.495,1.815,0.000000,
10.000,ARRIVED,119,4,5,19,4.553,65.476,2.167,1.000,0.000000,
10.849,FINISHED,23,0,6,14,4.643,91.520,3.420,1.000,0.000000,
10.849,STARTED,24,0,7,5,3.886,37.750,5.493,1.000,0.000000,observed_rate=2.000
11.000,ARRIVED,120,0,10,13,4.883,127.398,7.779,1.000,0.000000,
11.000,ARRIVED,121,1,9,8,8.310,47.415,6.551,2.714,0.000000,
11.000,ARRIVED,122,3,9,13,4.818,60.124,5.182,1.000,0.000000,
11.000,ARRIVED,123,3,5,19,3.621,117.201,2.068,2.884,0.000000,
11.000,ARRIVED,124,4,3,16,8.343,130.476,5.591,1.000,0.000000,
11.310,FINISHED,8,4,3,9,7.479,113.661,4.454,1.000,0.000000,
11.310,STARTED,9,4,9,14,7.747,77.626,3.856,1.000,0.000000,observed_rate=1.000
11.690,FINISHED,3,1,3,18,4.135,109.741,7.348,1.000,0.000000,
11.690,STARTED,12,1,1,19,3.741,109.467,7.224,1.000,0.000000,observed_rate=1.000
12.000,ARRIVED,125,2,4,20,4.116,53.977,7.889,2.307,0.000000,
12.000,ARRIVED,126,2,6,14,6.048,78.631,5.702,1.514,0.000000,
12.000,ARRIVED,127,2,7,19,1.267,128.507,2.681,1.000,0.000000,
12.000,ARRIVED,128,3,4,13,3.541,54.161,3.484,1.000,0.000000,
12.000,ARRIVED,129,3,3,20,3.583,41.091,2.467,2.506,0.000000,
12.000,ARRIVED,130,4,1,10,9.259,37.626,4.131,2.691,0.000000,
12.000,ARRIVED,131,4,8,15,4.086,35.930,6.752,2.549,0.000000,
12.953,FINISHED,27,2,7,7,1.715,34.150,7.404,1.000,0.000000,
12.953,STARTED,37,2,5,13,5.324,91.009,6.757,1.000,0.000000,observed_rate=3.000
13.000,ARRIVED,132,0,3,1,5.264,91.947,4.282,1.000,0.000000,
13.000,ARRIVED,133,1,10,3,4.954,64.345,4.479,1.000,0.000000,
13.000,ARRIVED,134,2,3,3,7.955,109.521,6.226,2.864,0.000000,
13.000,ARRIVED,135,2,7,15,4.256,64.826,2.613,1.920,0.000000,
13.000,ARRIVED,136,3,8,4,5.675,101.478,6.059,1.512,0.000000,
13.000,ARRIVED,137,3,5,17,2.750,122.194,3.986,1.000,0.000000,
13.000,ARRIVED,138,3,6,13,6.545,69.034,7.544,1.000,0.000000,
13.000,ARRIVED,139,3,9,8,6.579,130.558,5.377,1.000,0.000000,
13.000,ARRIVED,140,3,5,10,2.430,129.795,2.687,2.793,0.000000,
13.000,ARRIVED,141,3,8,14,4.732,47.983,6.951,1.512,0.000000,
13.000,ARRIVED,142,3,7,19,3.756,54.828,5.187,1.000,0.000000,
13.000,ARRIVED,143,4,1,5,4.150,87.277,6.058,1.000,0.000000,
13.000,ARRIVED,144,4,8,18,4.433,69.396,7.362,1.000,0.000000,
13.000,ARRIVED,145,4,3,9,5.808,87.646,7.789,2.845,0.000000,
13.000,ARRIVED,146,4,3,13,8.807,70.367,2.820,1.000,0.000000,
13.000,ARRIVED,147,4,10,17,7.077,38.281,2.465,1.000,0.000000,
14.000,ARRIVED,148,1,2,14,6.713,116.641,7.481,1.000,0.000000,
14.000,ARRIVED,149,3,2,10,2.246,131.051,2.698,1.000,0.000000,
14.000,ARRIVED,150,3,7,20,5.128,113.784,4.723,1.967,0.000000,
14.000,ARRIVED,151,4,4,11,5.531,124.421,7.587,1.000,0.000000,
14.000,ARRIVED,152,4,4,9,8.457,132.666,2.324,1.000,0.000000,
14.000,ARRIVED,153,4,2,19,9.709,68.408,7.246,1.000,0.000000,
15.000,ARRIVED,154,0,6,19,4.168,57.093,4.623,1.000,0.000000,
15.000,ARRIVED,155,1,7,17,6.292,109.655,6.382,2.371,0.000000,
15.000,ARRIVED,156,1,4,14,4.339,100.185,3.525,1.000,0.000000,
15.000,ARRIVED,157,1,9,7,6.095,119.082,6.227,1.919,0.000000,
15.000,ARRIVED,158,2,6,18,6.094,62.443,2.198,1.000,0.000000,
15.000,ARRIVED,159,2,3,20,9.695,119.387,4.440,1.000,0.000000,
15.000,ARRIVED,160,3,7,2,9.958,133.228,5.005,1.772,0.000000,
15.000,ARRIVED,161,3,7,20,3.183,65.995,2.473,1.819,0.000000,
15.000,ARRIVED,162,3,6,5,8.076,60.072,2.817,1.000,0.000000,
15.000,ARRIVED,163,3,3,18,1.399,60.796,6.809,1.000,0.000000,
15.000,ARRIVED,164,3,2,1,3.572,64.636,3.359,1.000,0.000000,
15.000,ARRIVED,165,4,5,3,2.110,113.290,3.567,1.000,0.000000,
15.000,ARRIVED,166,4,2,6,3.506,109.658,3.551,1.000,0.000000,
15.000,ARRIVED,167,4,3,19,5.827,59.439,5.659,1.000,0.000000,
15.000,ARRIVED,168,4,2,8,2.333,67.320,5.563,1.000,0.000000,
15.000,ARRIVED,169,4,3,15,5.445,99.380,4.367,1.000,0.000000,
15.166,FINISHED,9,4,9,14,7.747,77.626,3.856,1.000,0.000000,
15.166,STARTED,10,4,7,18,1.013,81.910,5.886,1.000,0.000000,observed_rate=5.000
15.824,FINISHED,5,3,4,19,2.110,69.479,7.901,2.003,0.000000,
15.824,STARTED,6,3,3,6,5.571,108.254,5.034,1.768,0.000000,observed_rate=5.000
15.824,OFFLOADED,14,3,4,14,3.091,112.326,5.700,1.000,0.000000,trigger=REACTIVE;observed_rate=5.000;smoothed_rate=3.736;predicted_queue=40.000;deadline_risk=false;decision_score=0.000000;offload_count=1;destination_node=-1;destination_policy=DROP
15.824,OFFLOADED,28,3,1,6,1.372,65.030,2.041,1.000,0.000000,trigger=REACTIVE;observed_rate=5.000;smoothed_rate=3.736;predicted_queue=40.000;deadline_risk=false;decision_score=0.000000;offload_count=1;destination_node=-1;destination_policy=DROP
15.824,OFFLOADED,40,3,7,6,7.093,120.540,5.373,1.000,0.000000,trigger=REACTIVE;observed_rate=5.000;smoothed_rate=3.736;predicted_queue=40.000;deadline_risk=false;decision_score=0.000000;offload_count=1;destination_node=-1;destination_policy=DROP
15.824,OFFLOADED,41,3,3,2,9.174,46.753,2.961,1.000,0.000000,trigger=REACTIVE;observed_rate=5.000;smoothed_rate=3.736;predicted_queue=40.000;deadline_risk=false;decision_score=0.000000;offload_count=1;destination_node=-1;destination_policy=DROP
15.824,OFFLOADED,42,3,3,6,4.799,72.506,5.814,1.000,0.000000,trigger=REACTIVE;observed_rate=5.000;smoothed_rate=3.736;predicted_queue=40.000;deadline_risk=false;decision_score=0.000000;offload_count=1;destination_node=-1;destination_policy=DROP
16.000,ARRIVED,170,1,10,4,6.701,128.327,5.780,1.000,0.000000,
16.000,ARRIVED,171,1,2,16,3.067,85.023,2.359,1.000,0.000000,
16.000,ARRIVED,172,2,4,14,9.983,81.090,3.984,2.500,0.000000,
16.000,ARRIVED,173,3,1,10,7.275,103.573,5.375,1.000,0.000000,
16.000,ARRIVED,174,3,10,14,3.420,40.946,2.773,1.000,0.000000,
16.000,ARRIVED,175,4,5,7,5.324,95.677,3.111,1.000,0.000000,
16.000,ARRIVED,176,4,2,3,9.153,36.566,6.970,1.000,0.000000,
16.000,ARRIVED,177,4,10,14,7.751,41.740,6.703,1.000,0.000000,
16.342,FINISHED,24,0,7,5,3.886,37.750,5.493,1.000,0.000000,
16.342,STARTED,35,0,2,3,2.038,59.241,4.181,1.000,0.000000,observed_rate=0.000
17.000,ARRIVED,178,1,5,15,9.114,100.679,6.593,1.000,0.000000,
17.000,ARRIVED,179,1,6,7,8.638,72.039,4.916,1.000,0.000000,
17.000,ARRIVED,180,2,10,9,8.338,133.428,7.917,1.000,0.000000,
17.000,ARRIVED,181,2,3,2,6.367,41.628,6.953,2.579,0.000000,
17.000,ARRIVED,182,3,6,19,7.261,60.365,7.358,1.000,0.000000,
17.000,ARRIVED,183,3,8,5,3.913,68.691,2.357,1.571,0.000000,
17.000,ARRIVED,184,4,3,17,7.163,82.125,7.727,1.000,0.000000,
17.000,ARRIVED,185,4,4,13,1.120,135.013,5.933,1.575,0.000000,
17.000,ARRIVED,186,4,9,7,5.505,96.023,3.016,1.549,0.000000,
17.000,ARRIVED,187,4,2,16,8.987,106.380,3.377,1.000,0.000000,
17.000,ARRIVED,188,4,10,18,4.968,67.341,2.508,2.079,0.000000,
18.000,ARRIVED,189,0,5,11,4.678,56.757,6.177,1.000,0.000000,
18.000,ARRIVED,190,0,6,2,6.798,53.294,6.526,1.000,0.000000,
18.000,ARRIVED,191,2,9,9,5.149,61.949,4.297,1.000,0.000000,
18.000,ARRIVED,192,3,10,13,8.328,130.214,6.226,1.000,0.000000,
18.000,ARRIVED,193,3,2,20,3.945,118.828,5.959,1.000,0.000000,
18.000,ARRIVED,194,3,2,12,4.849,57.318,3.411,1.000,0.000000,
18.000,ARRIVED,195,3,10,15,5.171,70.557,3.477,1.000,0.000000,
18.000,ARRIVED,196,4,9,13,5.748,127.525,7.529,1.000,0.000000,
18.000,ARRIVED,197,4,3,20,8.842,79.437,4.369,1.000,0.000000,
18.000,ARRIVED,198,4,3,15,2.180,91.486,4.154,1.000,0.000000,
18.000,ARRIVED,199,4,1,18,7.874,40.255,3.314,2.494,0.000000,
18.000,ARRIVED,200,4,2,19,4.708,49.515,3.934,1.000,0.000000,
18.914,FINISHED,12,1,1,19,3.741,109.467,7.224,1.000,0.000000,
18.914,STARTED,13,1,1,3,1.815,76.039,5.753,2.556,0.000000,observed_rate=0.000
19.000,ARRIVED,201,0,5,17,8.162,64.480,2.518,1.000,0.000000,
19.000,ARRIVED,202,1,7,4,2.866,134.963,4.450,2.523,0.000000,
19.000,ARRIVED,203,2,3,11,1.505,122.174,5.597,1.000,0.000000,
19.000,ARRIVED,204,2,5,3,8.532,69.578,7.511,1.000,0.000000,
19.000,ARRIVED,205,2,6,7,6.369,124.130,2.657,1.000,0.000000,
19.000,ARRIVED,206,3,10,16,3.812,113.976,6.276,1.000,0.000000,
19.000,ARRIVED,207,4,1,4,8.081,111.439,3.293,1.000,0.000000,
19.710,FINISHED,37,2,5,13,5.324,91.009,6.757,1.000,0.000000,
19.710,STARTED,38,2,10,10,7.493,38.846,3.874,2.551,0.000000,observed_rate=3.000
19.710,OFFLOADED,39,2,9,15,7.538,36.007,4.407,1.000,0.000000,trigger=REACTIVE;observed_rate=3.000;smoothed_rate=1.862;predicted_queue=26.000;deadline_risk=false;decision_score=0.000000;offload_count=1;destination_node=-1;destination_policy=DROP
19.710,OFFLOADED,46,2,8,11,9.899,51.659,4.934,1.000,0.000000,trigger=REACTIVE;observed_rate=3.000;smoothed_rate=1.862;predicted_queue=26.000;deadline_risk=false;decision_score=0.000000;offload_count=1;destination_node=-1;destination_policy=DROP
19.710,OFFLOADED,47,2,10,17,4.975,92.484,3.982,1.000,0.000000,trigger=REACTIVE;observed_rate=3.000;smoothed_rate=1.862;predicted_queue=26.000;deadline_risk=false;decision_score=0.000000;offload_count=1;destination_node=-1;destination_policy=DROP
19.710,OFFLOADED,59,2,2,2,4.541,84.820,6.753,1.000,0.000000,trigger=REACTIVE;observed_rate=3.000;smoothed_rate=1.862;predicted_queue=26.000;deadline_risk=false;decision_score=0.000000;offload_count=1;destination_node=-1;destination_policy=DROP
19.710,OFFLOADED,60,2,4,10,9.455,30.439,7.090,1.000,0.000000,trigger=REACTIVE;observed_rate=3.000;smoothed_rate=1.862;predicted_queue=26.000;deadline_risk=false;decision_score=0.000000;offload_count=1;destination_node=-1;destination_policy=DROP
20.000,ARRIVED,208,1,2,9,9.652,50.065,4.089,2.501,0.000000,
20.000,ARRIVED,209,2,2,3,4.869,109.400,5.325,1.000,0.000000,
20.000,ARRIVED,210,3,3,12,3.142,44.244,2.105,2.744,0.000000,
20.000,ARRIVED,211,3,4,16,2.084,137.040,5.004,2.442,0.000000,
20.000,ARRIVED,212,3,8,10,9.880,48.549,5.631,1.000,0.000000,
20.000,ARRIVED,213,3,5,11,9.615,137.179,5.000,1.000,0.000000,
20.000,ARRIVED,214,3,10,4,8.436,136.055,4.152,2.757,0.000000,
20.000,ARRIVED,215,3,2,12,7.213,43.193,2.771,1.000,0.000000,
20.000,ARRIVED,216,4,3,2,5.363,108.326,5.225,1.000,0.000000,
20.000,ARRIVED,217,4,7,12,2.979,120.725,3.497,2.021,0.000000,
20.000,ARRIVED,218,4,6,1,9.899,106.125,5.690,1.000,0.000000,
20.523,FINISHED,35,0,2,3,2.038,59.241,4.181,1.000,0.000000,
20.523,STARTED,45,0,5,11,6.802,66.611,7.587,1.000,0.000000,observed_rate=0.000
21.000,ARRIVED,219,1,6,13,9.531,102.768,6.674,2.938,0.000000,
21.000,ARRIVED,220,1,10,1,4.604,126.670,7.378,1.000,0.000000,
21.000,ARRIVED,221,3,2,6,9.794,50.564,2.016,1.000,0.000000,
21.000,ARRIVED,222,3,9,16,7.332,62.350,6.009,1.000,0.000000,
21.000,ARRIVED,223,4,5,3,4.477,111.157,3.284,1.762,0.000000,
21.000,ARRIVED,224,4,7,6,3.903,58.492,5.722,1.000,0.000000,
21.000,ARRIVED,225,4,6,18,4.957,57.529,4.999,1.000,0.000000,
21.052,FINISHED,10,4,7,18,1.013,81.910,5.886,1.000,0.000000,
21.052,STARTED,11,4,7,10,6.987,63.618,2.582,1.000,0.000000,observed_rate=3.000
22.000,ARRIVED,226,0,5,7,9.511,81.857,4.245,1.000,0.000000,
22.000,ARRIVED,227,1,7,7,2.970,74.732,5.803,1.000,0.000000,
22.000,ARRIVED,228,2,6,4,6.280,61.817,7.146,1.000,0.000000,
22.000,ARRIVED,229,2,10,12,7.838,93.012,2.277,1.000,0.000000,
22.000,ARRIVED,230,3,8,11,5.278,53.432,5.858,1.000,0.000000,
22.000,ARRIVED,231,3,6,14,1.126,103.121,3.233,1.000,0.000000,
22.000,ARRIVED,232,3,4,7,1.437,65.162,4.603,1.000,0.000000,
22.000,ARRIVED,233,3,10,18,5.642,51.054,7.178,1.000,0.000000,
23.000,ARRIVED,234,0,6,6,1.004,68.105,2.928,1.989,0.000000,
23.000,ARRIVED,235,1,5,5,2.904,117.605,7.691,1.000,0.000000,
23.000,ARRIVED,236,1,3,12,1.093,117.542,2.658,1.000,0.000000,
23.000,ARRIVED,237,2,10,13,8.994,56.535,3.904,1.000,0.000000,
23.000,ARRIVED,238,2,8,11,2.092,96.428,5.451,1.000,0.000000,
23.000,ARRIVED,239,2,10,4,1.259,105.020,5.480,1.000,0.000000,
23.000,ARRIVED,240,2,6,6,1.093,130.173,4.436,1.000,0.000000,
23.000,ARRIVED,241,3,2,11,7.550,140.671,4.836,1.000,0.000000,
23.000,ARRIVED,242,3,7,12,9.664,139.907,2.779,2.281,0.000000,
23.000,ARRIVED,243,3,10,4,6.481,89.914,3.012,1.633,0.000000,
23.000,ARRIVED,244,3,6,11,7.311,114.362,7.930,2.840,0.000000,
23.000,ARRIVED,245,4,7,14,2.123,102.433,7.687,1.000,0.000000,
23.634,FINISHED,11,4,7,10,6.987,63.618,2.582,1.000,0.000000,
23.634,STARTED,15,4,6,20,6.869,38.753,4.260,1.000,0.000000,observed_rate=1.000
24.000,ARRIVED,246,0,10,8,3.460,139.950,6.783,1.000,0.000000,
24.000,ARRIVED,247,1,6,18,3.500,71.380,4.076,1.741,0.000000,
24.000,ARRIVED,248,1,5,3,4.251,119.410,3.921,1.000,0.000000,
24.000,ARRIVED,249,1,1,12,9.514,116.967,2.556,1.000,0.000000,
24.000,ARRIVED,250,3,4,1,2.163,45.239,2.600,2.164,0.000000,
24.000,ARRIVED,251,3,6,10,3.924,131.166,5.781,1.000,0.000000,
24.000,ARRIVED,252,4,1,3,7.052,68.124,2.574,1.578,0.000000,
24.000,ARRIVED,253,4,9,17,7.992,117.950,3.803,1.000,0.000000,
24.000,ARRIVED,254,4,9,10,7.199,111.578,4.984,1.000,0.000000,
24.721,FINISHED,6,3,3,6,5.571,108.254,5.034,1.768,0.000000,
24.721,STARTED,48,3,5,12,9.194,92.900,5.987,1.000,0.000000,observed_rate=2.000
25.000,ARRIVED,255,0,10,6,8.852,97.529,2.722,1.000,0.000000,
25.000,ARRIVED,256,1,4,8,6.763,136.149,3.850,1.000,0.000000,
25.000,ARRIVED,257,1,5,14,9.746,100.556,5.478,1.000,0.000000,
25.000,ARRIVED,258,1,5,9,7.184,69.073,6.131,1.000,0.000000,
25.000,ARRIVED,259,1,2,1,2.204,139.725,7.790,1.000,0.000000,
25.000,ARRIVED,260,1,3,8,4.483,48.699,6.256,1.000,0.000000,
25.000,ARRIVED,261,1,9,7,7.185,58.417,3.847,1.000,0.000000,
25.000,ARRIVED,262,2,8,1,2.669,135.522,7.534,1.000,0.000000,
25.000,ARRIVED,263,2,1,2,4.446,131.550,3.764,1.000,0.000000,
25.000,ARRIVED,264,2,6,13,6.469,117.871,7.253,1.000,0.000000,
25.000,ARRIVED,265,3,10,1,7.019,74.173,4.004,1.000,0.000000,
25.000,ARRIVED,266,3,7,4,3.450,47.930,2.009,1.000,0.000000,
25.000,ARRIVED,267,4,9,2,5.747,138.016,3.164,1.525,0.000000,
25.000,ARRIVED,268,4,6,6,3.028,71.465,3.870,1.000,0.000000,
26.000,ARRIVED,269,1,4,19,1.658,141.424,7.311,1.000,0.000000,
26.000,ARRIVED,270,2,1,13,8.083,144.636,5.454,1.000,0.000000,
26.000,ARRIVED,271,3,7,19,7.976,53.760,4.673,1.000,0.000000,
26.000,ARRIVED,272,4,4,9,5.938,136.578,3.987,1.000,0.000000,
26.000,ARRIVED,273,4,10,9,7.326,63.645,2.906,1.793,0.000000,
26.000,ARRIVED,274,4,7,18,9.607,117.248,2.771,2.932,0.000000,
26.000,ARRIVED,275,4,7,2,4.751,78.494,6.566,1.000,0.000000,
26.000,ARRIVED,276,4,10,3,6.503,110.007,2.759,1.000,0.000000,
26.000,ARRIVED,277,4,5,8,3.275,143.808,3.416,1.000,0.000000,
27.000,ARRIVED,278,0,8,19,4.499,51.661,7.100,1.000,0.000000,
27.000,ARRIVED,279,2,8,15,9.716,140.936,3.996,1.000,0.000000,
27.000,ARRIVED,280,2,6,8,1.412,94.195,2.013,1.000,0.000000,
27.000,ARRIVED,281,2,10,20,8.114,85.797,3.249,1.000,0.000000,
27.000,ARRIVED,282,2,4,9,7.088,145.938,6.315,1.000,0.000000,
27.000,ARRIVED,283,3,10,5,3.194,49.724,6.683,2.905,0.000000,
27.000,ARRIVED,284,3,8,17,4.764,146.877,3.045,1.000,0.000000,
27.000,ARRIVED,285,3,4,5,6.846,124.993,7.453,1.000,0.000000,
27.000,ARRIVED,286,3,6,3,6.766,71.129,2.139,1.000,0.000000,
27.000,ARRIVED,287,4,1,1,7.176,80.337,4.981,1.000,0.000000,
27.000,ARRIVED,288,4,10,6,2.546,54.999,6.985,2.838,0.000000,
27.000,ARRIVED,289,4,3,5,5.418,129.283,6.121,1.000,0.000000,
27.894,FINISHED,15,4,6,20,6.869,38.753,4.260,1.000,0.000000,
27.894,STARTED,16,4,6,10,1.610,79.266,3.354,1.000,0.000000,observed_rate=3.000
28.000,ARRIVED,290,0,2,17,1.997,79.529,2.577,1.000,0.000000,
28.000,ARRIVED,291,1,9,13,6.849,111.259,7.571,1.000,0.000000,
28.000,ARRIVED,292,2,9,8,8.781,63.644,7.485,2.775,0.000000,
28.000,ARRIVED,293,2,3,14,6.692,108.814,7.031,1.000,0.000000,
28.000,ARRIVED,294,2,5,5,7.413,123.179,3.222,1.000,0.000000,
28.000,ARRIVED,295,3,2,14,5.817,89.962,6.170,1.000,0.000000,
28.000,ARRIVED,296,3,6,1,3.106,52.670,2.972,1.000,0.000000,
28.000,ARRIVED,297,3,8,6,5.047,92.143,2.501,1.000,0.000000,
28.000,ARRIVED,298,3,5,15,3.923,147.026,4.116,1.000,0.000000,
28.000,ARRIVED,299,4,2,15,6.185,65.188,7.287,1.801,0.000000,
28.000,ARRIVED,300,4,3,14,5.332,73.848,4.976,1.000,0.000000,
28.000,ARRIVED,301,4,1,4,2.360,53.369,7.243,1.000,0.000000,
28.000,ARRIVED,302,4,5,8,5.193,101.958,2.506,2.312,0.000000,
28.000,ARRIVED,303,4,4,2,3.512,95.621,3.646,2.030,0.000000,
28.000,ARRIVED,304,4,10,15,6.476,76.311,3.117,1.886,0.000000,
28.000,ARRIVED,305,4,7,4,1.211,146.427,7.058,1.000,0.000000,
28.109,FINISHED,45,0,5,11,6.802,66.611,7.587,1.000,0.000000,
28.109,STARTED,57,0,2,3,2.899,27.090,3.452,2.444,0.000000,observed_rate=1.000
29.000,ARRIVED,306,0,3,8,9.358,77.236,6.748,1.000,0.000000,
29.000,ARRIVED,307,0,10,19,6.410,67.931,5.401,1.597,0.000000,
29.000,ARRIVED,308,1,9,8,4.667,101.558,7.862,1.000,0.000000,
29.000,ARRIVED,309,1,3,17,3.846,122.202,5.958,1.000,0.000000,
29.000,ARRIVED,310,1,9,13,6.783,105.625,3.916,2.195,0.000000,
29.000,ARRIVED,311,1,6,7,3.173,62.405,6.967,1.000,0.000000,
29.000,ARRIVED,312,2,2,14,2.463,148.902,5.802,1.000,0.000000,
29.000,ARRIVED,313,2,2,13,4.000,137.212,2.295,1.000,0.000000,
29.000,ARRIVED,314,2,7,9,7.319,89.780,7.365,1.000,0.000000,
29.000,ARRIVED,315,2,3,14,5.577,109.982,6.671,1.000,0.000000,
29.000,ARRIVED,316,2,3,9,9.725,132.915,3.019,1.000,0.000000,
29.000,ARRIVED,317,3,1,3,8.455,59.190,5.547,2.849,0.000000,
29.000,ARRIVED,318,3,1,17,6.678,147.086,6.045,1.000,0.000000,
29.000,ARRIVED,319,4,10,5,8.384,129.061,2.674,1.000,0.000000,
29.594,FINISHED,38,2,10,10,7.493,38.846,3.874,2.551,0.000000,
29.594,STARTED,61,2,9,10,2.748,114.773,4.798,1.000,0.000000,observed_rate=5.000
30.000,ARRIVED,320,0,9,16,5.006,121.753,7.367,1.000,0.000000,
30.000,ARRIVED,321,1,6,8,9.019,145.086,4.878,1.000,0.000000,
30.000,ARRIVED,322,1,2,20,5.786,120.874,5.026,1.000,0.000000,
30.000,ARRIVED,323,2,2,19,5.869,116.274,6.291,1.000,0.000000,
30.000,ARRIVED,324,3,10,4,2.387,118.785,7.955,2.329,0.000000,
30.000,ARRIVED,325,3,7,10,7.823,126.775,7.628,1.000,0.000000,
30.000,ARRIVED,326,3,7,10,1.670,58.842,5.430,2.418,0.000000,
30.000,ARRIVED,327,3,3,18,7.360,67.304,6.791,1.000,0.000000,
30.000,ARRIVED,328,3,8,19,9.632,82.985,2.915,1.000,0.000000,
30.000,ARRIVED,329,4,1,13,4.766,61.749,2.761,1.000,0.000000,
30.000,ARRIVED,330,4,2,1,7.016,51.348,5.590,1.000,0.000000,
30.000,ARRIVED,331,4,3,10,9.226,51.799,6.462,1.000,0.000000,
30.000,ARRIVED,332,4,4,11,4.499,143.100,3.810,1.000,0.000000,
30.708,FINISHED,48,3,5,12,9.194,92.900,5.987,1.000,0.000000,
30.708,STARTED,49,3,1,1,4.018,57.908,4.001,1.000,0.000000,observed_rate=5.000
31.000,ARRIVED,333,0,10,10,2.343,91.466,5.310,1.000,0.000000,
31.000,ARRIVED,334,1,8,3,5.840,65.876,3.920,1.000,0.000000,
31.000,ARRIVED,335,1,9,17,9.177,72.428,6.117,1.000,0.000000,
31.000,ARRIVED,336,1,6,15,2.776,128.917,6.439,1.000,0.000000,
31.000,ARRIVED,337,1,1,4,4.856,72.370,6.823,1.000,0.000000,
31.000,ARRIVED,338,1,9,7,8.625,112.030,2.963,1.000,0.000000,
31.000,ARRIVED,339,2,10,19,5.367,139.702,6.063,1.000,0.000000,
31.000,ARRIVED,340,2,6,8,4.310,145.195,5.683,1.000,0.000000,
31.000,ARRIVED,341,2,8,20,6.373,120.287,5.175,1.000,0.000000,
31.000,ARRIVED,342,2,3,3,6.976,67.151,6.156,1.000,0.000000,
31.000,ARRIVED,343,2,5,7,6.288,77.247,3.078,1.000,0.000000,
31.000,ARRIVED,344,3,1,16,9.562,110.839,3.558,1.000,0.000000,
31.000,ARRIVED,345,3,3,13,6.235,104.789,7.243,1.000,0.000000,
31.000,ARRIVED,346,3,4,16,9.095,72.609,2.742,1.000,0.000000,
31.000,ARRIVED,347,3,6,19,3.189,75.006,2.046,1.000,0.000000,
31.000,ARRIVED,348,3,6,2,2.896,61.620,2.886,2.731,0.000000,
31.000,ARRIVED,349,3,8,4,3.308,147.737,3.133,1.000,0.000000,
31.000,ARRIVED,350,4,10,2,6.312,80.560,2.532,1.585,0.000000,
31.000,ARRIVED,351,4,6,16,5.373,99.348,6.792,1.000,0.000000,
31.000,ARRIVED,352,4,3,13,9.829,105.818,5.419,2.686,0.000000,
31.248,FINISHED,16,4,6,10,1.610,79.266,3.354,1.000,0.000000,
31.248,STARTED,17,4,7,1,7.629,75.227,4.060,1.000,0.000000,observed_rate=3.000
32.000,ARRIVED,353,0,7,14,5.512,71.771,4.476,1.000,0.000000,
32.000,ARRIVED,354,2,1,10,3.409,74.692,3.127,1.000,0.000000,
32.000,ARRIVED,355,2,7,14,1.426,121.946,4.208,1.000,0.000000,
32.000,ARRIVED,356,2,7,17,3.073,125.039,4.006,1.000,0.000000,
32.000,ARRIVED,357,3,6,9,2.529,93.683,4.970,1.000,0.000000,
32.000,ARRIVED,358,3,3,6,4.754,66.892,2.735,1.000,0.000000,
32.000,ARRIVED,359,3,8,7,5.165,76.385,3.369,1.000,0.000000,
32.000,ARRIVED,360,3,5,14,8.837,85.301,2.321,1.000,0.000000,
32.000,ARRIVED,361,3,1,20,4.771,79.080,6.490,1.000,0.000000,
32.000,ARRIVED,362,4,2,20,2.185,60.775,7.374,1.951,0.000000,
32.000,ARRIVED,363,4,4,6,5.531,142.699,3.546,1.000,0.000000,
33.000,ARRIVED,364,0,10,7,7.214,98.631,3.382,1.000,0.000000,
33.000,ARRIVED,365,0,4,18,7.338,70.946,2.201,1.000,0.000000,
33.000,ARRIVED,366,2,10,3,4.333,101.923,2.980,1.000,0.000000,
33.000,ARRIVED,367,2,7,10,9.170,137.719,5.887,1.000,0.000000,
33.000,ARRIVED,368,3,4,8,5.173,68.953,5.291,1.828,0.000000,
33.000,ARRIVED,369,3,5,9,3.670,58.994,4.387,1.000,0.000000,
33.000,ARRIVED,370,3,8,2,5.162,110.677,4.340,1.000,0.000000,
33.000,ARRIVED,371,4,10,12,5.544,108.413,2.796,1.000,0.000000,
33.000,ARRIVED,372,4,4,12,5.475,66.276,2.698,1.000,0.000000,
33.000,ARRIVED,373,4,4,8,3.550,116.534,6.462,1.000,0.000000,
33.000,ARRIVED,374,4,8,16,7.725,92.693,7.330,1.000,0.000000,
33.000,ARRIVED,375,4,9,3,8.923,107.829,6.932,1.000,0.000000,
33.618,FINISHED,13,1,1,3,1.815,76.039,5.753,2.556,0.000000,
33.618,STARTED,25,1,9,4,5.990,67.192,2.115,1.857,0.000000,observed_rate=0.000
34.000,ARRIVED,376,0,2,18,5.901,78.914,4.808,2.059,0.000000,
34.000,ARRIVED,377,1,9,6,8.088,101.482,6.833,1.741,0.000000,
34.000,ARRIVED,378,1,8,5,3.657,63.057,6.843,1.000,0.000000,
34.000,ARRIVED,379,3,2,20,5.510,91.242,6.515,1.642,0.000000,
34.000,ARRIVED,380,3,3,4,4.894,140.324,6.915,1.000,0.000000,
34.000,ARRIVED,381,3,1,2,4.533,152.271,2.252,2.507,0.000000,
34.000,ARRIVED,382,3,8,16,1.968,77.138,2.139,1.924,0.000000,
34.000,ARRIVED,383,4,1,1,1.022,98.903,3.898,1.000,0.000000,
34.000,ARRIVED,384,4,10,9,3.691,80.057,3.597,1.000,0.000000,
34.000,ARRIVED,385,4,9,17,8.670,56.889,3.537,1.000,0.000000,
34.000,ARRIVED,386,4,1,13,6.533,74.837,2.619,1.000,0.000000,
34.000,ARRIVED,387,4,10,19,2.327,148.615,6.804,1.000,0.000000,
34.393,FINISHED,61,2,9,10,2.748,114.773,4.798,1.000,0.000000,
34.393,STARTED,77,2,2,15,8.493,29.420,2.342,1.000,0.000000,observed_rate=0.000
34.709,FINISHED,49,3,1,1,4.018,57.908,4.001,1.000,0.000000,
34.709,STARTED,50,3,6,15,6.831,39.886,7.740,1.000,0.000000,observed_rate=4.000
35.000,ARRIVED,388,3,3,1,3.472,58.814,3.635,2.136,0.000000,
35.000,ARRIVED,389,4,8,5,6.647,77.837,5.293,2.568,0.000000,
35.000,ARRIVED,390,4,7,5,1.021,109.629,7.680,2.604,0.000000,
35.308,FINISHED,17,4,7,1,7.629,75.227,4.060,1.000,0.000000,
35.308,STARTED,18,4,1,18,4.980,45.498,2.417,1.000,0.000000,observed_rate=2.000
36.000,ARRIVED,391,0,8,17,9.360,90.200,7.755,2.402,0.000000,
36.000,ARRIVED,392,2,9,18,5.789,105.741,4.695,1.000,0.000000,
36.000,ARRIVED,393,2,8,6,1.613,132.966,3.447,2.113,0.000000,
36.000,ARRIVED,394,2,1,2,5.239,76.096,7.645,1.000,0.000000,
36.000,ARRIVED,395,4,1,14,1.539,65.704,2.313,1.000,0.000000,
36.000,ARRIVED,396,4,7,18,7.567,61.169,6.528,1.000,0.000000,
36.000,ARRIVED,397,4,3,3,5.832,65.776,7.350,1.000,0.000000,
36.000,ARRIVED,398,4,3,19,9.981,117.479,2.914,1.000,0.000000,
36.000,ARRIVED,399,4,2,4,6.200,77.897,4.335,1.000,0.000000,
36.548,FINISHED,57,0,2,3,2.899,27.090,3.452,2.444,0.000000,
36.548,STARTED,72,0,4,1,3.708,50.070,6.881,1.000,0.000000,observed_rate=1.000
36.734,FINISHED,77,2,2,15,8.493,29.420,2.342,1.000,0.000000,
36.734,STARTED,78,2,9,8,3.818,52.903,6.878,2.929,0.000000,observed_rate=3.000
36.734,OFFLOADED,86,2,1,16,6.703,54.693,5.780,2.306,0.000000,trigger=REACTIVE;observed_rate=3.000;smoothed_rate=1.880;predicted_queue=55.000;deadline_risk=false;decision_score=0.000000;offload_count=1;destination_node=-1;destination_policy=DROP
36.734,OFFLOADED,96,2,5,13,6.549,106.733,7.199,1.000,0.000000,trigger=REACTIVE;observed_rate=3.000;smoothed_rate=1.880;predicted_queue=55.000;deadline_risk=false;decision_score=0.000000;offload_count=1;destination_node=-1;destination_policy=DROP
36.734,OFFLOADED,110,2,6,15,6.392,109.636,5.788,1.000,0.000000,trigger=REACTIVE;observed_rate=3.000;smoothed_rate=1.880;predicted_queue=55.000;deadline_risk=false;decision_score=0.000000;offload_count=1;destination_node=-1;destination_policy=DROP
36.734,OFFLOADED,111,2,6,4,1.408,50.734,7.691,1.698,0.000000,trigger=REACTIVE;observed_rate=3.000;smoothed_rate=1.880;predicted_queue=55.000;deadline_risk=false;decision_score=0.000000;offload_count=1;destination_node=-1;destination_policy=DROP
36.734,OFFLOADED,125,2,4,20,4.116,53.977,7.889,2.307,0.000000,trigger=REACTIVE;observed_rate=3.000;smoothed_rate=1.880;predicted_queue=55.000;deadline_risk=false;decision_score=0.000000;offload_count=1;destination_node=-1;destination_policy=DROP
37.000,ARRIVED,400,0,5,4,5.412,87.088,4.014,1.000,0.000000,
37.000,ARRIVED,401,1,6,10,6.661,65.508,6.805,1.000,0.000000,
37.000,ARRIVED,402,1,2,8,3.432,103.315,5.124,1.000,0.000000,
37.000,ARRIVED,403,2,5,12,1.397,67.014,7.295,1.000,0.000000,
37.000,ARRIVED,404,3,7,10,6.314,127.931,4.160,1.000,0.000000,
37.000,ARRIVED,405,3,8,7,4.062,153.357,4.337,1.000,0.000000,
37.000,ARRIVED,406,4,2,2,9.222,93.801,4.637,1.000,0.000000,
37.000,ARRIVED,407,4,1,13,5.871,144.738,5.257,1.000,0.000000,
37.000,ARRIVED,408,4,9,3,1.271,66.788,6.443,1.000,0.000000,
37.000,ARRIVED,409,4,2,12,4.269,74.603,7.971,2.526,0.000000,
37.000,ARRIVED,410,4,2,5,9.089,151.837,6.081,1.000,0.000000,
37.000,ARRIVED,411,4,7,11,1.081,74.969,5.998,2.310,0.000000,
37.000,ARRIVED,412,4,9,4,4.721,126.552,6.909,2.978,0.000000,
37.546,FINISHED,25,1,9,4,5.990,67.192,2.115,1.857,0.000000,
37.546,STARTED,26,1,8,4,5.918,47.096,5.923,1.000,0.000000,observed_rate=2.000
37.725,FINISHED,18,4,1,18,4.980,45.498,2.417,1.000,0.000000,
37.725,STARTED,20,4,8,6,7.449,51.617,4.422,1.000,0.000000,observed_rate=7.000
38.000,ARRIVED,413,2,4,17,1.218,136.613,3.576,2.137,0.000000,
38.000,ARRIVED,414,2,7,15,4.631,133.202,3.502,1.000,0.000000,
38.000,ARRIVED,415,4,10,19,2.493,148.840,7.273,1.000,0.000000,
38.000,ARRIVED,416,4,10,20,1.408,130.437,7.843,1.000,0.000000,
38.000,ARRIVED,417,4,7,14,2.006,137.894,2.798,1.650,0.000000,
38.000,ARRIVED,418,4,7,6,5.237,109.205,3.144,1.000,0.000000,
39.000,ARRIVED,419,2,2,11,7.108,95.836,4.000,2.441,0.000000,
39.000,ARRIVED,420,2,7,18,1.972,145.526,5.722,2.044,0.000000,
39.000,ARRIVED,421,2,3,17,4.093,150.415,6.045,1.676,0.000000,
39.000,ARRIVED,422,3,6,3,4.207,158.139,7.590,2.197,0.000000,
39.000,ARRIVED,423,3,5,2,3.678,92.144,7.664,1.000,0.000000,
39.000,ARRIVED,424,3,4,8,7.841,66.319,3.123,1.000,0.000000,
39.000,ARRIVED,425,3,3,9,8.670,94.714,6.332,1.000,0.000000,
39.000,ARRIVED,426,3,9,4,2.859,109.034,7.672,1.000,0.000000,
39.000,ARRIVED,427,4,6,18,7.881,132.623,6.101,1.000,0.000000,
39.000,ARRIVED,428,4,2,8,1.103,151.359,4.413,1.000,0.000000,
39.000,ARRIVED,429,4,2,20,6.641,128.162,7.555,1.000,0.000000,
40.000,ARRIVED,430,0,4,1,4.901,63.837,7.032,1.000,0.000000,
40.000,ARRIVED,431,1,2,18,5.567,125.242,5.667,1.000,0.000000,
40.000,ARRIVED,432,2,1,1,8.907,60.677,3.070,1.000,0.000000,
40.000,ARRIVED,433,2,1,13,9.659,110.054,7.920,1.000,0.000000,
40.000,ARRIVED,434,2,9,13,4.022,149.271,7.272,1.000,0.000000,
40.000,ARRIVED,435,3,7,20,3.158,83.967,5.734,1.829,0.000000,
40.000,ARRIVED,436,3,2,4,5.381,90.844,3.506,1.000,0.000000,
40.000,ARRIVED,437,3,6,7,9.303,123.001,4.192,1.000,0.000000,
40.000,ARRIVED,438,3,9,12,1.667,93.196,3.917,1.000,0.000000,
40.000,ARRIVED,439,3,8,17,3.714,72.863,2.893,2.336,0.000000,
40.000,ARRIVED,440,3,9,7,3.020,123.879,2.258,1.000,0.000000,
40.000,ARRIVED,441,4,5,4,8.728,144.821,6.728,1.000,0.000000,
40.000,ARRIVED,442,4,5,6,1.948,155.608,2.023,1.737,0.000000,
40.000,ARRIVED,443,4,4,11,4.150,159.405,6.221,1.000,0.000000,
40.000,ARRIVED,444,4,8,18,8.269,149.286,2.673,2.525,0.000000,
41.000,ARRIVED,445,1,2,5,9.274,94.505,4.453,1.000,0.000000,
41.000,ARRIVED,446,1,3,9,6.479,98.121,4.337,1.000,0.000000,
41.000,ARRIVED,447,1,8,7,2.267,107.467,6.727,1.000,0.000000,
41.000,ARRIVED,448,1,6,15,4.739,100.580,7.397,1.000,0.000000,
41.000,ARRIVED,449,1,1,12,6.504,87.140,2.858,1.000,0.000000,
41.000,ARRIVED,450,2,3,2,8.655,106.402,5.570,1.000,0.000000,
41.000,ARRIVED,451,2,6,3,2.289,96.777,3.386,1.000,0.000000,
41.000,ARRIVED,452,3,1,17,6.783,110.635,3.564,1.000,0.000000,
41.000,ARRIVED,453,3,7,2,8.546,112.353,3.291,1.000,0.000000,
41.000,ARRIVED,454,4,8,9,3.315,147.551,7.493,1.000,0.000000,
41.000,ARRIVED,455,4,8,2,7.082,75.778,7.860,1.525,0.000000,
41.000,ARRIVED,456,4,4,19,9.127,62.688,4.532,1.000,0.000000,
41.000,ARRIVED,457,4,7,13,3.693,96.342,7.164,1.000,0.000000,
41.000,ARRIVED,458,4,7,7,9.531,123.081,7.623,1.000,0.000000,
41.000,ARRIVED,459,4,5,14,4.298,159.747,4.970,1.000,0.000000,
41.000,ARRIVED,460,4,8,13,3.977,86.779,3.056,1.000,0.000000,
42.000,ARRIVED,461,1,6,20,7.074,107.969,7.365,1.000,0.000000,
42.000,ARRIVED,462,2,7,3,5.593,155.339,5.206,1.000,0.000000,
42.000,ARRIVED,463,2,7,11,4.013,101.542,3.806,1.000,0.000000,
42.000,ARRIVED,464,3,8,18,7.177,107.970,4.885,1.000,0.000000,
42.000,ARRIVED,465,3,6,17,1.222,86.263,6.051,1.000,0.000000,
42.000,ARRIVED,466,3,8,19,7.344,137.184,4.493,1.869,0.000000,
42.000,ARRIVED,467,4,3,15,7.352,85.648,5.117,1.000,0.000000,
42.000,ARRIVED,468,4,6,19,1.399,100.960,6.642,1.000,0.000000,
42.000,ARRIVED,469,4,6,9,3.522,146.250,5.300,1.000,0.000000,
42.000,ARRIVED,470,4,6,20,6.092,72.109,4.768,2.586,0.000000,
42.000,ARRIVED,471,4,2,3,2.275,120.651,7.763,1.000,0.000000,
42.000,ARRIVED,472,4,2,12,1.602,126.295,7.579,2.630,0.000000,
42.000,ARRIVED,473,4,9,17,9.518,127.104,7.429,1.000,0.000000,
42.000,ARRIVED,474,4,8,3,6.615,82.075,2.600,1.839,0.000000,
42.000,ARRIVED,475,4,1,12,9.823,87.181,5.195,1.000,0.000000,
42.147,FINISHED,20,4,8,6,7.449,51.617,4.422,1.000,0.000000,
42.147,STARTED,21,4,9,3,9.083,110.946,2.982,1.000,0.000000,observed_rate=9.000
42.450,FINISHED,50,3,6,15,6.831,39.886,7.740,1.000,0.000000,
42.450,STARTED,51,3,7,18,9.591,102.185,2.852,1.000,0.000000,observed_rate=3.000
43.000,ARRIVED,476,1,1,14,8.325,137.163,2.214,2.887,0.000000,
43.000,ARRIVED,477,1,2,5,5.863,110.191,7.072,1.000,0.000000,
43.000,ARRIVED,478,1,1,20,5.262,162.819,5.406,1.000,0.000000,
43.000,ARRIVED,479,2,1,16,3.948,82.051,3.482,1.000,0.000000,
43.000,ARRIVED,480,2,9,13,2.400,129.605,4.520,1.000,0.000000,
43.000,ARRIVED,481,2,3,16,9.569,154.190,3.418,1.000,0.000000,
43.000,ARRIVED,482,3,10,5,6.159,106.510,5.884,1.000,0.000000,
43.000,ARRIVED,483,3,8,10,7.155,144.061,7.533,2.297,0.000000,
43.000,ARRIVED,484,3,9,6,6.568,122.646,3.819,2.487,0.000000,
43.000,ARRIVED,485,3,9,15,5.867,89.714,4.655,1.000,0.000000,
43.000,ARRIVED,486,3,8,14,1.013,66.972,2.667,2.638,0.000000,
43.000,ARRIVED,487,4,3,1,3.689,64.785,7.300,1.000,0.000000,
43.000,ARRIVED,488,4,7,17,5.956,109.468,7.683,1.000,0.000000,
43.000,ARRIVED,489,4,9,7,1.272,106.241,6.448,1.000,0.000000,
43.000,ARRIVED,490,4,6,19,9.605,129.393,5.510,1.000,0.000000,
43.000,ARRIVED,491,4,10,7,2.964,117.088,3.945,1.000,0.000000,
43.000,ARRIVED,492,4,8,1,3.249,133.586,3.559,1.000,0.000000,
43.429,FINISHED,72,0,4,1,3.708,50.070,6.881,1.000,0.000000,
43.429,STARTED,73,0,5,18,7.215,29.020,7.637,2.637,0.000000,observed_rate=0.000
43.469,FINISHED,26,1,8,4,5.918,47.096,5.923,1.000,0.000000,
43.469,STARTED,36,1,8,2,6.640,76.431,2.794,1.000,0.000000,observed_rate=3.000
44.000,ARRIVED,493,1,8,6,5.673,97.709,7.170,2.989,0.000000,
44.000,ARRIVED,494,1,8,10,3.166,110.105,2.884,1.000,0.000000,
44.000,ARRIVED,495,2,7,16,3.319,149.807,5.832,1.000,0.000000,
44.000,ARRIVED,496,3,3,12,7.696,124.572,6.121,1.680,0.000000,
44.000,ARRIVED,497,3,9,15,2.168,70.461,7.709,1.000,0.000000,
44.000,ARRIVED,498,3,1,14,8.443,147.987,6.724,1.000,0.000000,
45.000,ARRIVED,499,1,6,20,2.065,74.821,3.064,1.000,0.000000,
45.000,ARRIVED,500,2,10,18,5.662,101.076,4.477,1.000,0.000000,
45.000,ARRIVED,501,2,6,8,1.301,143.688,4.751,1.000,0.000000,
45.000,ARRIVED,502,2,10,14,3.781,126.419,7.944,1.000,0.000000,
45.000,ARRIVED,503,2,4,17,7.169,132.103,6.850,1.000,0.000000,
45.000,ARRIVED,504,2,5,17,9.488,82.918,2.475,1.000,0.000000,
45.000,ARRIVED,505,3,9,3,2.678,157.215,5.975,1.000,0.000000,
45.000,ARRIVED,506,3,5,19,6.039,132.235,4.409,1.000,0.000000,
45.000,ARRIVED,507,3,10,6,3.949,146.583,7.859,2.590,0.000000,
45.000,ARRIVED,508,3,6,20,1.468,157.267,7.029,1.000,0.000000,
45.000,ARRIVED,509,3,10,15,2.175,76.232,2.579,1.000,0.000000,
45.000,ARRIVED,510,3,2,1,6.830,122.641,5.705,1.000,0.000000,
45.000,ARRIVED,511,4,5,9,7.065,120.644,6.490,1.000,0.000000,
45.000,ARRIVED,512,4,1,8,4.612,99.988,6.640,1.000,0.000000,
45.000,ARRIVED,513,4,1,19,4.554,70.359,5.303,1.000,0.000000,
45.129,FINISHED,21,4,9,3,9.083,110.946,2.982,1.000,0.000000,
45.129,STARTED,22,4,3,19,4.252,25.924,2.999,1.000,0.000000,observed_rate=3.000
45.301,FINISHED,51,3,7,18,9.591,102.185,2.852,1.000,0.000000,
45.301,STARTED,62,3,3,8,1.945,36.613,5.402,2.883,0.000000,observed_rate=6.000
45.301,OFFLOADED,63,3,4,1,3.963,109.539,2.232,1.000,0.000000,trigger=REACTIVE;observed_rate=6.000;smoothed_rate=4.219;predicted_queue=126.000;deadline_risk=false;decision_score=0.000000;offload_count=1;destination_node=-1;destination_policy=DROP
45.301,OFFLOADED,64,3,10,17,2.538,110.387,7.194,1.000,0.000000,trigger=REACTIVE;observed_rate=6.000;smoothed_rate=4.219;predicted_queue=126.000;deadline_risk=false;decision_score=0.000000;offload_count=1;destination_node=-1;destination_policy=DROP
45.301,OFFLOADED,65,3,3,20,6.583,59.647,4.161,1.588,0.000000,trigger=REACTIVE;observed_rate=6.000;smoothed_rate=4.219;predicted_queue=126.000;deadline_risk=false;decision_score=0.000000;offload_count=1;destination_node=-1;destination_policy=DROP
45.301,OFFLOADED,79,3,9,15,6.002,108.163,6.348,1.000,0.000000,trigger=REACTIVE;observed_rate=6.000;smoothed_rate=4.219;predicted_queue=126.000;deadline_risk=false;decision_score=0.000000;offload_count=1;destination_node=-1;destination_policy=DROP
45.301,OFFLOADED,80,3,6,13,6.293,35.094,6.692,1.000,0.000000,trigger=REACTIVE;observed_rate=6.000;smoothed_rate=4.219;predicted_queue=126.000;deadline_risk=false;decision_score=0.000000;offload_count=1;destination_node=-1;destination_policy=DROP
46.000,ARRIVED,514,1,1,14,7.192,83.656,4.445,1.000,0.000000,
46.000,ARRIVED,515,1,10,13,9.406,163.966,4.598,1.000,0.000000,
46.000,ARRIVED,516,2,3,10,6.514,125.278,3.067,1.000,0.000000,
46.000,ARRIVED,517,2,8,10,4.538,145.850,7.682,1.000,0.000000,
46.000,ARRIVED,518,2,3,5,2.077,117.031,4.677,1.000,0.000000,
46.000,ARRIVED,519,2,6,7,8.946,98.635,5.485,2.812,0.000000,
46.000,ARRIVED,520,3,9,16,2.147,96.499,6.716,1.000,0.000000,
46.000,ARRIVED,521,3,7,3,2.881,142.422,7.821,1.000,0.000000,
46.000,ARRIVED,522,3,2,5,3.561,131.662,2.226,1.000,0.000000,
46.000,ARRIVED,523,3,2,3,3.276,71.189,4.766,1.000,0.000000,
46.000,ARRIVED,524,4,7,20,4.076,101.012,6.275,1.000,0.000000,
46.000,ARRIVED,525,4,5,1,7.040,160.601,5.731,2.574,0.000000,
46.000,ARRIVED,526,4,6,8,5.849,70.623,3.775,1.000,0.000000,
46.000,ARRIVED,527,4,8,14,7.959,165.219,4.008,2.634,0.000000,
46.263,FINISHED,36,1,8,2,6.640,76.431,2.794,1.000,0.000000,
46.263,STARTED,58,1,4,11,1.719,32.073,4.890,1.000,0.000000,observed_rate=2.000
47.000,ARRIVED,528,2,3,20,2.525,91.831,2.748,1.000,0.000000,
47.000,ARRIVED,529,2,6,18,2.718,94.915,7.451,1.000,0.000000,
47.000,ARRIVED,530,2,7,1,9.152,99.082,6.890,1.000,0.000000,
47.000,ARRIVED,531,3,10,20,9.245,129.295,5.717,1.000,0.000000,
47.000,ARRIVED,532,4,6,16,9.188,74.374,7.527,1.000,0.000000,
47.000,ARRIVED,533,4,8,16,7.047,122.154,4.172,1.000,0.000000,
47.000,ARRIVED,534,4,3,18,6.665,94.867,2.975,1.000,0.000000,
47.000,ARRIVED,535,4,10,5,6.922,76.194,4.840,2.364,0.000000,
47.000,ARRIVED,536,4,1,15,3.990,137.778,2.964,2.409,0.000000,
48.000,ARRIVED,537,0,10,2,6.408,90.968,4.477,1.900,0.000000,
48.000,ARRIVED,538,1,6,5,7.761,70.075,3.131,1.000,0.000000,
48.000,ARRIVED,539,1,5,16,9.666,163.893,7.505,1.000,0.000000,
48.000,ARRIVED,540,1,7,12,5.339,131.423,6.039,1.000,0.000000,
48.000,ARRIVED,541,2,5,3,3.229,153.097,3.062,1.000,0.000000,
48.000,ARRIVED,542,2,10,1,2.078,102.532,5.144,1.000,0.000000,
48.000,ARRIVED,543,2,8,1,9.451,127.852,5.529,2.143,0.000000,
48.000,ARRIVED,544,3,10,8,8.618,83.879,2.162,1.000,0.000000,
48.000,ARRIVED,545,3,5,16,1.921,134.245,4.086,1.000,0.000000,
48.000,ARRIVED,546,4,7,10,4.739,127.004,7.344,1.742,0.000000,
48.128,FINISHED,22,4,3,19,4.252,25.924,2.999,1.000,0.000000,
48.128,STARTED,29,4,7,9,9.959,40.234,2.113,1.000,0.000000,observed_rate=1.000
49.000,ARRIVED,547,0,1,3,9.803,131.129,4.489,2.769,0.000000,
49.000,ARRIVED,548,0,6,10,8.916,152.910,3.852,1.000,0.000000,
49.000,ARRIVED,549,1,10,1,4.221,71.576,2.302,1.000,0.000000,
49.000,ARRIVED,550,2,5,13,5.343,125.290,2.165,1.000,0.000000,
49.000,ARRIVED,551,2,1,3,9.083,70.973,5.096,1.000,0.000000,
49.000,ARRIVED,552,3,6,2,8.227,151.118,6.982,1.000,0.000000,
49.000,ARRIVED,553,3,9,16,1.191,161.511,4.354,1.514,0.000000,
49.000,ARRIVED,554,3,3,5,6.377,158.165,2.750,1.000,0.000000,
49.000,ARRIVED,555,4,10,3,3.037,151.053,3.800,2.230,0.000000,
49.000,ARRIVED,556,4,7,16,7.823,164.118,5.694,1.000,0.000000,
49.000,ARRIVED,557,4,5,8,9.882,135.514,3.633,1.000,0.000000,
49.000,ARRIVED,558,4,10,7,9.181,162.536,5.823,2.602,0.000000,
49.000,ARRIVED,559,4,4,16,8.091,102.215,7.473,1.000,0.000000,
49.000,ARRIVED,560,4,7,20,3.658,97.500,3.730,2.189,0.000000,
49.000,ARRIVED,561,4,1,9,3.794,142.869,6.312,1.000,0.000000,
50.000,ARRIVED,562,0,9,15,5.701,154.592,2.434,1.000,0.000000,
50.000,ARRIVED,563,3,10,14,1.779,153.067,5.230,1.000,0.000000,
50.000,ARRIVED,564,3,4,16,2.170,97.086,3.979,2.345,0.000000,
50.000,ARRIVED,565,4,5,16,7.917,142.476,2.126,1.000,0.000000,
50.000,ARRIVED,566,4,2,9,4.272,139.669,4.213,1.000,0.000000,
50.241,FINISHED,29,4,7,9,9.959,40.234,2.113,1.000,0.000000,
50.241,STARTED,30,4,10,4,1.737,32.786,4.456,1.000,0.000000,observed_rate=2.000
51.000,ARRIVED,567,1,4,18,4.201,95.151,4.405,2.701,0.000000,
51.000,ARRIVED,568,2,5,11,9.778,88.567,2.554,1.000,0.000000,
51.000,ARRIVED,569,2,4,2,7.785,88.927,5.297,1.592,0.000000,
51.000,ARRIVED,570,3,4,19,8.648,100.657,2.564,1.000,0.000000,
51.000,ARRIVED,571,3,2,13,7.263,164.271,5.232,1.942,0.000000,
51.000,ARRIVED,572,4,4,5,2.652,129.462,2.336,1.000,0.000000,
51.000,ARRIVED,573,4,2,18,4.908,96.140,6.301,1.000,0.000000,
51.000,ARRIVED,574,4,10,3,1.483,146.208,6.800,2.108,0.000000,
51.000,ARRIVED,575,4,10,15,6.048,135.705,7.007,1.000,0.000000,
51.000,ARRIVED,576,4,3,5,5.865,157.499,6.827,2.733,0.000000,
51.152,FINISHED,58,1,4,11,1.719,32.073,4.890,1.000,0.000000,
51.152,STARTED,75,1,10,13,3.124,118.551,7.490,1.000,0.000000,observed_rate=1.000
52.000,ARRIVED,577,0,8,9,8.971,168.392,5.488,1.000,0.000000,
52.000,ARRIVED,578,1,6,8,2.639,157.001,4.397,1.000,0.000000,
52.000,ARRIVED,579,1,2,17,1.524,150.745,2.712,1.000,0.000000,
52.000,ARRIVED,580,1,9,2,3.894,159.359,6.512,2.061,0.000000,
52.000,ARRIVED,581,2,2,1,8.831,132.776,4.334,1.000,0.000000,
52.000,ARRIVED,582,3,1,15,7.656,82.023,3.136,1.000,0.000000,
52.000,ARRIVED,583,3,5,7,5.171,94.676,5.733,1.000,0.000000,
52.000,ARRIVED,584,4,1,15,4.573,158.609,4.249,1.000,0.000000,
52.000,ARRIVED,585,4,5,20,6.294,139.912,6.083,1.000,0.000000,
52.000,ARRIVED,586,4,8,6,4.131,79.941,3.750,1.000,0.000000,
52.000,ARRIVED,587,4,10,19,1.797,126.951,2.141,1.000,0.000000,
53.000,ARRIVED,588,0,1,2,6.386,141.455,6.427,1.000,0.000000,
53.000,ARRIVED,589,2,5,7,7.327,172.515,4.721,2.589,0.000000,
53.000,ARRIVED,590,2,5,14,4.988,107.626,2.566,1.000,0.000000,
53.000,ARRIVED,591,2,5,2,2.190,88.475,7.161,1.000,0.000000,
53.000,ARRIVED,592,3,7,2,4.741,157.658,6.718,1.000,0.000000,
53.000,ARRIVED,593,3,5,16,7.173,90.557,5.220,1.000,0.000000,
53.000,ARRIVED,594,3,2,5,1.181,128.181,5.989,1.000,0.000000,
53.000,ARRIVED,595,3,3,10,3.944,131.992,5.567,1.000,0.000000,
53.000,ARRIVED,596,4,8,11,8.284,163.820,4.023,2.124,0.000000,
53.000,ARRIVED,597,4,9,6,2.078,98.802,7.192,1.000,0.000000,
53.000,ARRIVED,598,4,10,15,6.697,78.225,4.946,1.000,0.000000,
53.000,ARRIVED,599,4,9,2,3.280,160.781,5.136,1.000,0.000000,
53.000,ARRIVED,600,4,5,20,3.338,98.186,6.316,1.775,0.000000,
53.000,ARRIVED,601,4,1,1,7.260,137.486,6.096,1.000,0.000000,
54.000,ARRIVED,602,0,3,14,3.353,105.518,3.215,2.578,0.000000,
54.000,ARRIVED,603,2,6,11,7.731,108.900,3.695,1.000,0.000000,
54.000,ARRIVED,604,2,6,14,8.429,143.102,4.903,1.000,0.000000,
54.000,ARRIVED,605,3,4,17,9.170,170.111,4.347,2.237,0.000000,
54.000,ARRIVED,606,3,6,11,7.947,158.554,3.587,1.907,0.000000,
54.000,ARRIVED,607,3,9,1,4.215,156.262,2.711,2.846,0.000000,
54.000,ARRIVED,608,4,9,7,8.011,146.115,2.474,2.338,0.000000,
54.000,ARRIVED,609,4,2,12,7.545,132.003,5.894,1.000,0.000000,
54.000,ARRIVED,610,4,1,4,3.654,139.431,7.790,1.000,0.000000,
54.000,ARRIVED,611,4,8,17,1.313,97.771,5.074,2.155,0.000000,
54.000,ARRIVED,612,4,1,20,7.499,83.362,6.571,1.000,0.000000,
54.698,FINISHED,30,4,10,4,1.737,32.786,4.456,1.000,0.000000,
54.698,STARTED,31,4,4,17,8.409,102.211,4.527,1.000,0.000000,observed_rate=5.000
55.000,ARRIVED,613,0,1,16,3.398,92.720,3.384,1.000,0.000000,
55.000,ARRIVED,614,1,2,16,5.251,141.927,5.456,2.795,0.000000,
55.000,ARRIVED,615,1,4,19,8.367,153.569,7.166,1.000,0.000000,
55.000,ARRIVED,616,2,5,3,9.797,132.143,3.519,1.000,0.000000,
55.000,ARRIVED,617,2,3,4,7.300,138.462,7.975,1.000,0.000000,
55.000,ARRIVED,618,3,8,9,2.343,152.694,7.796,1.000,0.000000,
55.000,ARRIVED,619,3,10,14,9.915,115.395,6.084,1.704,0.000000,
55.000,ARRIVED,620,3,3,5,7.442,97.655,3.741,1.000,0.000000,
55.000,ARRIVED,621,3,3,10,4.250,149.142,4.950,1.000,0.000000,
55.000,ARRIVED,622,3,7,16,8.564,152.670,2.446,1.000,0.000000,
55.000,ARRIVED,623,3,2,3,1.805,105.865,5.435,1.000,0.000000,
55.000,ARRIVED,624,4,1,11,1.982,156.361,3.359,1.000,0.000000,
55.000,ARRIVED,625,4,3,3,1.029,102.842,4.602,1.000,0.000000,
55.000,ARRIVED,626,4,5,18,3.823,140.013,4.502,1.000,0.000000,
55.000,ARRIVED,627,4,5,7,7.379,89.091,3.309,1.000,0.000000,
56.000,ARRIVED,628,0,3,20,1.926,156.269,4.262,1.000,0.000000,
56.000,ARRIVED,629,1,9,2,3.852,168.185,3.431,1.000,0.000000,
56.000,ARRIVED,630,2,10,15,1.123,163.990,7.337,1.000,0.000000,
56.000,ARRIVED,631,2,1,20,6.720,98.931,2.225,1.000,0.000000,
56.000,ARRIVED,632,2,7,16,7.216,130.000,2.432,1.000,0.000000,
56.000,ARRIVED,633,2,6,15,7.848,132.431,6.858,1.000,0.000000,
56.000,ARRIVED,634,3,10,7,4.304,161.588,4.289,1.000,0.000000,
56.000,ARRIVED,635,3,7,20,7.386,163.211,3.901,1.000,0.000000,
56.000,ARRIVED,636,3,2,16,3.450,81.637,2.476,1.000,0.000000,
56.000,ARRIVED,637,4,7,10,1.346,109.104,6.701,1.602,0.000000,
56.000,ARRIVED,638,4,8,11,5.078,170.547,7.980,1.000,0.000000,
56.000,ARRIVED,639,4,5,19,3.341,134.046,3.451,1.000,0.000000,
56.000,ARRIVED,640,4,10,15,9.543,116.574,2.335,1.000,0.000000,
56.884,FINISHED,78,2,9,8,3.818,52.903,6.878,2.929,0.000000,
56.884,STARTED,126,2,6,14,6.048,78.631,5.702,1.514,0.000000,observed_rate=4.000
56.884,OFFLOADED,127,2,7,19,1.267,128.507,2.681,1.000,0.000000,trigger=REACTIVE;observed_rate=4.000;smoothed_rate=2.624;predicted_queue=97.000;deadline_risk=false;decision_score=0.000000;offload_count=1;destination_node=-1;destination_policy=DROP
56.884,OFFLOADED,134,2,3,3,7.955,109.521,6.226,2.864,0.000000,trigger=REACTIVE;observed_rate=4.000;smoothed_rate=2.624;predicted_queue=97.000;deadline_risk=false;decision_score=0.000000;offload_count=1;destination_node=-1;destination_policy=DROP
56.884,OFFLOADED,135,2,7,15,4.256,64.826,2.613,1.920,0.000000,trigger=REACTIVE;observed_rate=4.000;smoothed_rate=2.624;predicted_queue=97.000;deadline_risk=false;decision_score=0.000000;offload_count=1;destination_node=-1;destination_policy=DROP
56.884,OFFLOADED,158,2,6,18,6.094,62.443,2.198,1.000,0.000000,trigger=REACTIVE;observed_rate=4.000;smoothed_rate=2.624;predicted_queue=97.000;deadline_risk=false;decision_score=0.000000;offload_count=1;destination_node=-1;destination_policy=DROP
56.884,OFFLOADED,159,2,3,20,9.695,119.387,4.440,1.000,0.000000,trigger=REACTIVE;observed_rate=4.000;smoothed_rate=2.624;predicted_queue=97.000;deadline_risk=false;decision_score=0.000000;offload_count=1;destination_node=-1;destination_policy=DROP
57.000,ARRIVED,641,1,5,11,9.729,79.671,7.141,1.000,0.000000,
57.000,ARRIVED,642,1,8,6,6.515,161.395,4.799,1.000,0.000000,
57.000,ARRIVED,643,3,4,19,9.422,125.982,4.191,1.000,0.000000,
57.000,ARRIVED,644,3,2,9,6.267,83.917,4.050,2.923,0.000000,
57.000,ARRIVED,645,3,1,11,8.818,107.731,7.585,1.000,0.000000,
57.000,ARRIVED,646,3,8,6,3.476,123.380,2.453,1.000,0.000000,
57.000,ARRIVED,647,4,6,12,7.255,81.621,5.912,1.000,0.000000,
57.000,ARRIVED,648,4,7,12,7.280,122.503,2.432,1.000,0.000000,
57.000,ARRIVED,649,4,7,7,7.560,140.455,2.048,1.000,0.000000,
57.000,ARRIVED,650,4,4,15,1.010,128.409,5.684,1.000,0.000000,
57.000,ARRIVED,651,4,5,18,4.787,111.578,2.458,1.000,0.000000,
57.000,ARRIVED,652,4,3,19,1.684,146.964,5.535,2.995,0.000000,
58.000,ARRIVED,653,2,5,17,3.107,169.841,5.407,1.000,0.000000,
58.000,ARRIVED,654,3,9,5,9.342,79.773,5.192,1.000,0.000000,
58.000,ARRIVED,655,3,2,18,4.899,137.608,3.755,2.244,0.000000,
58.000,ARRIVED,656,3,9,6,8.057,126.841,6.371,1.967,0.000000,
58.000,ARRIVED,657,3,9,18,2.963,113.349,4.210,1.000,0.000000,
58.000,ARRIVED,658,3,10,2,6.310,141.769,2.424,1.000,0.000000,
58.000,ARRIVED,659,4,3,4,8.319,147.555,7.302,1.000,0.000000,
58.000,ARRIVED,660,4,6,18,2.552,127.395,6.395,1.000,0.000000,
58.000,ARRIVED,661,4,7,14,8.225,141.973,6.138,1.000,0.000000,
58.000,ARRIVED,662,4,5,3,6.287,153.312,3.187,1.760,0.000000,
58.000,ARRIVED,663,4,7,11,6.416,154.578,6.486,1.000,0.000000,
58.642,FINISHED,75,1,10,13,3.124,118.551,7.490,1.000,0.000000,
58.642,STARTED,76,1,3,16,5.800,92.151,7.438,1.000,0.000000,observed_rate=0.000
59.000,ARRIVED,664,0,7,5,1.364,146.228,7.597,1.000,0.000000,
59.000,ARRIVED,665,3,1,2,7.969,134.017,4.556,1.000,0.000000,
59.000,ARRIVED,666,3,2,20,5.677,123.563,6.353,1.000,0.000000,
59.000,ARRIVED,667,4,5,6,4.391,151.678,7.080,1.000,0.000000,
59.000,ARRIVED,668,4,3,8,5.534,155.817,6.938,2.001,0.000000,
59.225,FINISHED,31,4,4,17,8.409,102.211,4.527,1.000,0.000000,
59.225,STARTED,32,4,1,12,1.943,106.159,7.631,1.000,0.000000,observed_rate=2.000
60.000,ARRIVED,669,2,7,18,4.385,111.869,7.431,2.873,0.000000,
60.000,ARRIVED,670,2,5,20,8.205,179.965,4.807,1.000,0.000000,
60.000,ARRIVED,671,2,9,5,3.234,169.641,6.734,1.000,0.000000,
60.000,ARRIVED,672,3,1,1,6.548,92.042,4.081,1.000,0.000000,
60.000,ARRIVED,673,4,4,20,4.578,88.348,2.773,1.515,0.000000,
60.000,ARRIVED,674,4,10,20,1.673,160.193,4.249,1.000,0.000000,
60.000,ARRIVED,675,4,4,17,4.036,81.114,6.621,1.816,0.000000,
60.000,ARRIVED,676,4,1,12,5.480,167.630,7.580,1.000,0.000000,
60.000,ARRIVED,677,4,9,11,9.615,109.438,3.951,1.000,0.000000,
60.873,FINISHED,62,3,3,8,1.945,36.613,5.402,2.883,0.000000,
60.873,STARTED,87,3,9,16,4.316,93.170,2.807,2.881,0.000000,observed_rate=1.000
61.000,ARRIVED,678,1,1,20,2.614,84.324,6.981,2.466,0.000000,
61.000,ARRIVED,679,1,8,2,7.670,107.857,4.025,1.000,0.000000,
61.000,ARRIVED,680,1,4,10,6.439,145.819,4.363,1.000,0.000000,
61.000,ARRIVED,681,2,9,18,1.195,103.888,6.911,1.000,0.000000,
61.000,ARRIVED,682,2,7,19,3.274,139.243,3.259,1.000,0.000000,
61.000,ARRIVED,683,3,2,9,7.067,105.115,6.743,1.000,0.000000,
61.000,ARRIVED,684,3,4,5,9.166,145.344,2.954,1.000,0.000000,
61.000,ARRIVED,685,4,5,5,9.918,130.623,7.953,1.000,0.000000,
61.000,ARRIVED,686,4,10,6,5.871,114.704,7.985,1.000,0.000000,
61.000,ARRIVED,687,4,4,10,7.851,117.878,5.136,1.664,0.000000,
61.000,ARRIVED,688,4,5,3,8.884,114.639,3.983,1.000,0.000000,
61.000,ARRIVED,689,4,5,4,1.654,105.927,2.347,1.000,0.000000,
62.000,ARRIVED,690,2,5,9,9.454,146.435,2.201,1.000,0.000000,
62.000,ARRIVED,691,3,1,12,5.544,122.000,2.811,1.000,0.000000,
62.000,ARRIVED,692,3,6,5,9.579,139.959,6.915,1.000,0.000000,
62.000,ARRIVED,693,3,6,2,1.174,150.560,3.781,1.000,0.000000,
62.000,ARRIVED,694,4,2,7,9.967,172.375,5.289,1.000,0.000000,
62.000,ARRIVED,695,4,7,2,5.479,133.767,6.009,2.579,0.000000,
62.000,ARRIVED,696,4,6,3,4.406,173.786,3.672,1.000,0.000000,
63.000,ARRIVED,697,1,5,12,3.075,128.464,4.562,2.833,0.000000,
63.000,ARRIVED,698,1,4,14,1.960,144.069,2.410,1.853,0.000000,
63.000,ARRIVED,699,2,1,2,5.496,182.902,3.464,1.000,0.000000,
63.000,ARRIVED,700,2,6,18,1.775,109.277,2.705,1.000,0.000000,
63.000,ARRIVED,701,2,8,1,4.591,176.879,4.758,1.000,0.000000,
63.000,ARRIVED,702,2,5,2,8.681,162.221,6.500,1.000,0.000000,
63.000,ARRIVED,703,2,2,12,1.757,103.229,7.029,1.000,0.000000,
63.000,ARRIVED,704,3,7,1,9.407,92.204,7.639,2.431,0.000000,
63.000,ARRIVED,705,4,7,18,6.562,176.200,2.339,1.000,0.000000,
63.000,ARRIVED,706,4,8,6,4.829,114.404,2.597,2.156,0.000000,
63.000,ARRIVED,707,4,10,7,2.202,92.479,2.079,1.000,0.000000,
63.564,FINISHED,73,0,5,18,7.215,29.020,7.637,2.637,0.000000,
63.564,STARTED,74,0,8,15,7.535,83.384,2.783,1.000,0.000000,observed_rate=0.000
64.000,ARRIVED,708,3,7,16,1.863,84.766,2.983,1.000,0.000000,
64.000,ARRIVED,709,3,9,20,6.761,151.735,7.857,1.000,0.000000,
64.000,ARRIVED,710,3,7,14,7.119,141.134,5.074,1.723,0.000000,
64.000,ARRIVED,711,4,7,7,7.541,161.148,4.386,1.000,0.000000,
64.000,ARRIVED,712,4,6,3,5.451,115.438,7.477,1.000,0.000000,
64.000,ARRIVED,713,4,9,7,2.946,84.822,5.081,1.000,0.000000,
64.000,ARRIVED,714,4,2,5,1.663,148.495,2.204,1.000,0.000000,
64.000,ARRIVED,715,4,5,20,1.726,153.586,2.273,1.000,0.000000,
64.000,ARRIVED,716,4,5,6,4.123,84.539,3.861,1.000,0.000000,
64.000,ARRIVED,717,4,8,13,3.362,91.474,3.992,1.000,0.000000,
65.000,ARRIVED,718,0,9,18,9.824,132.036,4.581,1.000,0.000000,
65.000,ARRIVED,719,1,9,3,6.354,151.344,7.914,1.000,0.000000,
65.000,ARRIVED,720,1,6,4,4.686,95.185,2.915,1.000,0.000000,
65.000,ARRIVED,721,1,2,10,4.701,178.054,6.614,1.000,0.000000,
65.000,ARRIVED,722,2,2,11,6.853,91.897,6.641,1.000,0.000000,
65.000,ARRIVED,723,3,1,12,4.568,181.888,6.797,1.000,0.000000,
65.000,ARRIVED,724,3,7,15,7.144,148.451,3.554,1.000,0.000000,
65.000,ARRIVED,725,3,4,15,4.221,107.428,2.968,1.000,0.000000,
65.000,ARRIVED,726,4,4,18,3.155,129.697,5.145,1.752,0.000000,
65.000,ARRIVED,727,4,9,6,7.540,172.205,2.341,1.000,0.000000,
65.000,ARRIVED,728,4,9,2,1.811,184.936,6.094,1.000,0.000000,
65.000,ARRIVED,729,4,9,10,1.927,160.657,4.318,1.000,0.000000,
65.517,FINISHED,126,2,6,14,6.048,78.631,5.702,1.514,0.000000,
65.517,STARTED,172,2,4,14,9.983,81.090,3.984,2.500,0.000000,observed_rate=1.000
66.000,ARRIVED,730,2,3,7,5.490,170.778,6.179,2.972,0.000000,
66.000,ARRIVED,731,2,6,9,8.732,159.361,6.284,2.486,0.000000,
66.000,ARRIVED,732,3,9,17,5.461,115.592,6.071,1.000,0.000000,
66.000,ARRIVED,733,3,2,18,2.342,104.450,6.666,2.463,0.000000,
66.000,ARRIVED,734,3,3,7,1.489,110.622,4.968,1.000,0.000000,
66.000,ARRIVED,735,4,8,5,7.333,146.617,7.616,1.000,0.000000,
66.000,ARRIVED,736,4,7,10,2.245,146.863,3.431,1.000,0.000000,
66.000,ARRIVED,737,4,4,7,2.991,183.599,5.261,1.000,0.000000,
66.000,ARRIVED,738,4,1,6,6.408,150.002,7.953,1.000,0.000000,
66.081,FINISHED,76,1,3,16,5.800,92.151,7.438,1.000,0.000000,
66.081,STARTED,83,1,8,11,2.184,80.556,3.872,2.138,0.000000,observed_rate=0.000
66.346,FINISHED,74,0,8,15,7.535,83.384,2.783,1.000,0.000000,
66.346,STARTED,82,0,1,19,2.983,85.869,7.174,1.995,0.000000,observed_rate=0.000
66.856,FINISHED,32,4,1,12,1.943,106.159,7.631,1.000,0.000000,
66.856,STARTED,33,4,5,6,6.993,107.752,6.017,1.000,0.000000,observed_rate=4.000
67.000,ARRIVED,739,0,6,11,3.398,118.335,7.076,1.000,0.000000,
67.000,ARRIVED,740,2,10,16,2.006,112.967,6.019,1.000,0.000000,
67.000,ARRIVED,741,2,3,9,6.649,167.791,5.058,1.000,0.000000,
67.000,ARRIVED,742,3,8,18,4.231,147.081,7.283,1.000,0.000000,
67.000,ARRIVED,743,3,2,11,1.372,129.407,7.911,1.000,0.000000,
67.000,ARRIVED,744,3,8,13,1.754,95.451,4.985,1.000,0.000000,
67.000,ARRIVED,745,4,6,3,1.055,184.586,3.871,1.000,0.000000,
67.000,ARRIVED,746,4,7,17,8.955,106.618,4.975,2.878,0.000000,
67.000,ARRIVED,747,4,4,11,3.020,88.305,6.041,1.000,0.000000,
67.000,ARRIVED,748,4,9,7,5.068,120.849,3.494,1.000,0.000000,
67.000,ARRIVED,749,4,4,17,5.160,142.844,5.391,2.336,0.000000,
68.000,ARRIVED,750,2,9,6,1.488,121.184,5.340,1.000,0.000000,
68.000,ARRIVED,751,2,7,15,7.192,136.830,2.622,1.000,0.000000,
68.000,ARRIVED,752,4,10,13,8.242,101.255,6.264,1.000,0.000000,
68.000,ARRIVED,753,4,6,16,4.743,120.009,6.815,2.001,0.000000,
68.959,FINISHED,87,3,9,16,4.316,93.170,2.807,2.881,0.000000,
68.959,STARTED,88,3,4,7,8.739,66.172,2.208,2.965,0.000000,observed_rate=0.000
69.000,ARRIVED,754,0,6,10,8.419,172.023,2.147,1.000,0.000000,
69.000,ARRIVED,755,0,8,19,2.114,121.598,4.353,1.000,0.000000,
69.000,ARRIVED,756,1,9,13,4.134,172.164,6.515,1.000,0.000000,
69.000,ARRIVED,757,2,2,11,6.450,106.381,3.817,1.000,0.000000,
69.000,ARRIVED,758,2,1,13,6.628,127.604,5.924,1.000,0.000000,
69.000,ARRIVED,759,2,3,17,3.126,168.172,3.312,1.000,0.000000,
69.000,ARRIVED,760,2,3,1,9.400,170.608,5.514,1.592,0.000000,
69.000,ARRIVED,761,3,9,13,1.965,98.422,4.928,1.000,0.000000,
69.000,ARRIVED,762,4,7,4,8.109,132.170,2.256,1.000,0.000000,
69.000,ARRIVED,763,4,4,18,2.441,98.728,3.539,1.000,0.000000,
69.000,ARRIVED,764,4,7,15,3.287,159.764,4.828,1.000,0.000000,
70.000,ARRIVED,765,0,2,13,9.840,90.957,7.051,1.000,0.000000,
70.000,ARRIVED,766,0,3,9,5.931,147.779,2.906,1.000,0.000000,
70.000,ARRIVED,767,1,2,14,4.630,179.244,4.732,1.000,0.000000,
70.000,ARRIVED,768,1,9,4,6.361,142.346,4.466,2.286,0.000000,
70.000,ARRIVED,769,1,8,2,6.194,95.571,3.704,1.000,0.000000,
70.000,ARRIVED,770,1,10,18,7.462,134.849,3.473,1.000,0.000000,
70.000,ARRIVED,771,2,8,3,2.598,175.107,4.020,1.000,0.000000,
70.000,ARRIVED,772,2,2,17,2.015,145.994,5.910,2.715,0.000000,
70.000,ARRIVED,773,2,6,3,2.558,140.524,5.342,1.000,0.000000,
70.000,ARRIVED,774,3,3,18,7.157,121.511,5.904,1.000,0.000000,
70.000,ARRIVED,775,3,7,11,4.558,189.832,4.098,1.000,0.000000,
70.000,ARRIVED,776,4,3,14,5.234,145.327,7.345,1.000,0.000000,
70.000,ARRIVED,777,4,3,4,8.024,92.105,3.292,1.000,0.000000,
70.000,ARRIVED,778,4,7,3,5.265,168.250,3.798,2.193,0.000000,
70.000,ARRIVED,779,4,9,6,7.443,167.316,6.234,1.000,0.000000,
70.000,ARRIVED,780,4,7,6,7.839,167.100,3.465,1.000,0.000000,
70.000,ARRIVED,781,4,5,14,7.766,105.205,6.433,2.799,0.000000,
71.000,ARRIVED,782,1,10,4,4.749,164.962,4.245,1.000,0.000000,
71.000,ARRIVED,783,1,3,4,2.680,165.848,3.664,1.000,0.000000,
71.000,ARRIVED,784,1,7,20,6.973,147.215,6.261,1.000,0.000000,
71.000,ARRIVED,785,1,4,18,7.299,95.806,7.662,1.000,0.000000,
71.000,ARRIVED,786,2,4,14,9.628,158.183,2.733,2.446,0.000000,
71.000,ARRIVED,787,2,9,15,6.078,152.199,2.616,1.000,0.000000,
71.000,ARRIVED,788,3,4,14,6.834,99.676,4.218,1.000,0.000000,
71.000,ARRIVED,789,3,5,12,5.967,154.216,5.981,1.000,0.000000,
71.000,ARRIVED,790,4,9,20,3.813,173.709,4.761,1.000,0.000000,
71.000,ARRIVED,791,4,5,9,8.453,187.718,6.504,1.000,0.000000,
71.000,ARRIVED,792,4,9,7,5.129,152.535,3.057,1.000,0.000000,
71.000,ARRIVED,793,4,7,14,5.396,127.423,7.205,1.000,0.000000,
71.000,ARRIVED,794,4,10,16,7.120,93.157,5.429,1.000,0.000000,
72.000,ARRIVED,795,0,5,17,6.069,181.479,4.154,1.000,0.000000,
72.000,ARRIVED,796,1,10,5,4.419,136.380,3.551,1.719,0.000000,
72.000,ARRIVED,797,2,5,4,2.526,149.240,3.584,1.000,0.000000,
72.000,ARRIVED,798,2,6,17,4.526,124.826,5.617,1.000,0.000000,
72.000,ARRIVED,799,3,6,5,8.968,112.964,3.055,2.197,0.000000,
72.000,ARRIVED,800,3,5,5,5.629,179.023,5.482,1.000,0.000000,
72.000,ARRIVED,801,4,5,19,8.440,156.608,6.724,1.000,0.000000,
72.000,ARRIVED,802,4,3,8,5.776,126.198,6.651,1.000,0.000000,
72.000,ARRIVED,803,4,9,20,2.277,111.813,6.570,1.000,0.000000,
72.874,FINISHED,33,4,5,6,6.993,107.752,6.017,1.000,0.000000,
72.874,STARTED,34,4,6,18,7.487,116.798,7.266,2.038,0.000000,observed_rate=3.000
72.874,OFFLOADED,43,4,5,18,2.194,85.288,4.199,1.000,0.000000,trigger=REACTIVE;observed_rate=3.000;smoothed_rate=4.049;predicted_queue=271.000;deadline_risk=false;decision_score=0.000000;offload_count=1;destination_node=-1;destination_policy=DROP
72.874,OFFLOADED,44,4,8,2,6.136,107.551,3.876,1.668,0.000000,trigger=REACTIVE;observed_rate=3.000;smoothed_rate=4.049;predicted_queue=271.000;deadline_risk=false;decision_score=0.000000;offload_count=1;destination_node=-1;destination_policy=DROP
72.874,OFFLOADED,52,4,1,20,3.706,41.046,6.729,1.000,0.000000,trigger=REACTIVE;observed_rate=3.000;smoothed_rate=4.049;predicted_queue=271.000;deadline_risk=false;decision_score=0.000000;offload_count=1;destination_node=-1;destination_policy=DROP
72.874,OFFLOADED,53,4,5,6,7.759,25.189,7.027,1.000,0.000000,trigger=REACTIVE;observed_rate=3.000;smoothed_rate=4.049;predicted_queue=271.000;deadline_risk=false;decision_score=0.000000;offload_count=1;destination_node=-1;destination_policy=DROP
72.874,OFFLOADED,54,4,2,16,8.243,91.559,2.592,1.000,0.000000,trigger=REACTIVE;observed_rate=3.000;smoothed_rate=4.049;predicted_queue=271.000;deadline_risk=false;decision_score=0.000000;offload_count=1;destination_node=-1;destination_policy=DROP
73.000,ARRIVED,804,0,5,4,1.044,110.557,5.689,2.106,0.000000,
73.000,ARRIVED,805,1,5,7,6.411,117.981,3.354,2.980,0.000000,
73.000,ARRIVED,806,1,1,12,6.801,174.444,2.017,1.534,0.000000,
73.000,ARRIVED,807,2,5,10,6.199,128.884,6.581,1.000,0.000000,
73.000,ARRIVED,808,2,6,15,4.757,135.333,5.255,1.000,0.000000,
73.000,ARRIVED,809,2,5,11,5.235,125.766,7.704,1.000,0.000000,
73.000,ARRIVED,810,2,9,11,7.782,126.020,7.188,1.000,0.000000,
73.000,ARRIVED,811,3,1,1,1.864,129.437,2.340,1.502,0.000000,
73.000,ARRIVED,812,3,9,17,9.571,129.606,4.888,1.000,0.000000,
73.000,ARRIVED,813,3,7,15,4.254,120.393,3.326,1.000,0.000000,
73.000,ARRIVED,814,3,4,1,6.109,149.334,7.587,1.000,0.000000,
73.000,ARRIVED,815,4,6,16,2.192,161.822,5.456,1.000,0.000000,
73.000,ARRIVED,816,4,10,15,4.831,172.163,3.528,1.000,0.000000,
73.000,ARRIVED,817,4,2,1,7.577,101.143,3.565,2.191,0.000000,
73.000,ARRIVED,818,4,7,19,9.698,139.592,7.877,1.000,0.000000,
73.000,ARRIVED,819,4,8,7,3.487,163.615,7.002,1.000,0.000000,
73.000,ARRIVED,820,4,3,18,8.685,115.383,4.161,1.000,0.000000,
74.000,ARRIVED,821,0,5,5,4.131,170.000,3.325,1.000,0.000000,
74.000,ARRIVED,822,1,10,20,2.137,161.721,4.928,1.000,0.000000,
74.000,ARRIVED,823,1,4,9,8.527,125.601,3.867,1.000,0.000000,
74.000,ARRIVED,824,2,9,9,7.555,165.038,6.522,1.000,0.000000,
74.000,ARRIVED,825,2,1,12,2.945,106.103,5.118,2.913,0.000000,
74.000,ARRIVED,826,3,7,3,1.865,172.479,2.231,1.000,0.000000,
74.000,ARRIVED,827,3,9,19,6.416,159.624,3.192,1.000,0.000000,
74.000,ARRIVED,828,4,1,12,2.833,144.132,4.067,1.000,0.000000,
74.000,ARRIVED,829,4,1,4,7.510,100.807,2.676,1.000,0.000000,
74.000,ARRIVED,830,4,2,13,7.635,116.174,2.090,1.000,0.000000,
74.000,ARRIVED,831,4,5,15,6.723,101.800,7.783,1.000,0.000000,
74.000,ARRIVED,832,4,2,19,2.943,111.819,6.342,1.000,0.000000,
74.361,FINISHED,83,1,8,11,2.184,80.556,3.872,2.138,0.000000,
74.361,STARTED,84,1,4,11,2.123,95.277,6.089,1.000,0.000000,observed_rate=2.000
75.000,ARRIVED,833,0,9,18,3.504,122.954,7.319,1.000,0.000000,
75.000,ARRIVED,834,2,3,9,3.600,125.461,7.853,1.000,0.000000,
75.000,ARRIVED,835,2,2,3,1.021,106.450,6.694,1.000,0.000000,
75.000,ARRIVED,836,2,5,15,5.371,98.825,7.748,1.000,0.000000,
75.000,ARRIVED,837,3,2,14,6.648,154.181,3.056,1.840,0.000000,
75.000,ARRIVED,838,4,2,13,4.707,164.453,7.686,1.000,0.000000,
75.000,ARRIVED,839,4,5,15,4.166,120.703,2.808,1.000,0.000000,
75.000,ARRIVED,840,4,1,6,1.001,152.018,3.999,1.000,0.000000,
75.000,ARRIVED,841,4,5,20,8.954,132.086,6.458,1.000,0.000000,
75.000,ARRIVED,842,4,10,6,6.995,99.354,5.079,1.000,0.000000,
75.000,ARRIVED,843,4,4,9,8.721,142.163,3.115,2.842,0.000000,
75.475,FINISHED,172,2,4,14,9.983,81.090,3.984,2.500,0.000000,
75.475,STARTED,180,2,10,9,8.338,133.428,7.917,1.000,0.000000,observed_rate=3.000
75.506,FINISHED,88,3,4,7,8.739,66.172,2.208,2.965,0.000000,
75.506,STARTED,97,3,8,13,7.564,63.307,7.134,1.000,0.000000,observed_rate=1.000
76.000,ARRIVED,844,1,10,20,1.650,112.679,2.754,1.000,0.000000,
76.000,ARRIVED,845,1,9,1,3.698,165.648,2.514,1.000,0.000000,
76.000,ARRIVED,846,1,1,14,8.454,127.234,4.374,1.000,0.000000,
76.000,ARRIVED,847,2,3,1,8.094,164.176,2.134,1.000,0.000000,
76.000,ARRIVED,848,3,3,1,9.394,98.396,4.748,1.000,0.000000,
76.000,ARRIVED,849,3,1,9,6.480,117.902,4.008,2.997,0.000000,
76.000,ARRIVED,850,4,10,12,7.635,170.018,4.425,1.000,0.000000,
76.000,ARRIVED,851,4,7,3,2.056,135.554,6.453,1.000,0.000000,
76.000,ARRIVED,852,4,4,4,7.017,171.913,4.168,1.000,0.000000,
77.000,ARRIVED,853,1,6,7,9.751,153.161,4.191,1.989,0.000000,
77.000,ARRIVED,854,1,7,9,7.695,161.616,5.744,1.000,0.000000,
77.000,ARRIVED,855,1,8,2,8.795,153.659,7.451,1.000,0.000000,
77.000,ARRIVED,856,2,10,10,6.823,166.311,2.030,1.000,0.000000,
77.000,ARRIVED,857,2,5,17,4.906,107.809,3.448,1.000,0.000000,
77.000,ARRIVED,858,2,7,15,8.818,161.666,7.019,2.543,0.000000,
77.000,ARRIVED,859,2,5,2,7.522,97.686,5.893,1.000,0.000000,
77.000,ARRIVED,860,2,1,19,3.421,148.034,6.084,1.000,0.000000,
77.000,ARRIVED,861,2,5,10,3.222,115.122,7.725,1.000,0.000000,
77.000,ARRIVED,862,3,8,5,7.546,193.151,3.734,1.000,0.000000,
77.000,ARRIVED,863,3,3,3,8.670,148.025,7.671,1.000,0.000000,
77.000,ARRIVED,864,4,5,4,8.977,103.735,3.769,1.000,0.000000,
77.000,ARRIVED,865,4,3,17,6.528,105.377,7.000,2.543,0.000000,
77.000,ARRIVED,866,4,8,17,6.694,145.508,3.565,1.000,0.000000,
77.000,ARRIVED,867,4,9,5,5.725,158.259,4.234,1.000,0.000000,
77.000,ARRIVED,868,4,7,12,3.518,156.961,5.074,1.000,0.000000,
78.000,ARRIVED,869,0,4,4,2.552,111.899,4.640,1.000,0.000000,
78.000,ARRIVED,870,0,9,4,7.266,160.675,6.808,1.000,0.000000,
78.000,ARRIVED,871,1,5,7,1.273,166.995,2.851,1.000,0.000000,
78.000,ARRIVED,872,1,10,4,4.893,111.666,7.183,1.000,0.000000,
78.000,ARRIVED,873,2,10,4,4.369,191.656,2.114,2.627,0.000000,
78.000,ARRIVED,874,2,6,4,5.408,192.435,2.082,1.594,0.000000,
78.000,ARRIVED,875,2,10,4,7.027,112.356,7.305,1.000,0.000000,
78.000,ARRIVED,876,2,6,9,3.990,189.470,2.423,1.000,0.000000,
78.000,ARRIVED,877,2,6,7,5.835,152.842,4.953,1.000,0.000000,
78.000,ARRIVED,878,2,7,13,4.313,143.951,4.640,1.000,0.000000,
78.000,ARRIVED,879,3,10,8,2.745,195.464,4.652,1.000,0.000000,
78.000,ARRIVED,880,3,1,15,1.605,190.023,4.075,2.791,0.000000,
78.000,ARRIVED,881,4,5,13,3.417,151.287,4.310,1.000,0.000000,
79.000,ARRIVED,882,1,7,16,9.438,139.288,6.699,1.000,0.000000,
79.000,ARRIVED,883,3,1,4,1.743,187.778,4.630,1.000,0.000000,
79.000,ARRIVED,884,3,7,7,1.050,119.956,4.389,1.000,0.000000,
79.000,ARRIVED,885,4,3,19,8.199,152.611,6.650,2.531,0.000000,
79.000,ARRIVED,886,4,8,6,3.138,153.742,3.660,2.384,0.000000,
79.000,ARRIVED,887,4,4,18,9.768,185.488,6.902,1.000,0.000000,
79.000,ARRIVED,888,4,5,7,4.285,179.046,3.002,1.000,0.000000,
80.000,ARRIVED,889,0,3,13,7.186,152.032,5.286,1.000,0.000000,
80.000,ARRIVED,890,1,3,2,9.852,146.677,6.831,1.644,0.000000,
80.000,ARRIVED,891,1,5,13,5.776,142.366,5.599,1.879,0.000000,
80.000,ARRIVED,892,2,2,5,7.974,122.613,4.743,1.000,0.000000,
80.000,ARRIVED,893,2,1,2,9.484,158.742,4.029,1.000,0.000000,
80.000,ARRIVED,894,2,6,5,3.445,155.015,2.115,1.000,0.000000,
80.000,ARRIVED,895,3,10,5,1.797,135.719,5.343,1.000,0.000000,
80.000,ARRIVED,896,3,6,17,2.991,150.574,2.414,1.000,0.000000,
80.000,ARRIVED,897,3,9,15,1.075,142.747,7.806,2.801,0.000000,
80.000,ARRIVED,898,4,5,20,2.192,125.709,2.107,1.000,0.000000,
80.000,ARRIVED,899,4,4,17,7.268,175.996,3.416,2.297,0.000000,
80.000,ARRIVED,900,4,2,13,1.721,171.181,3.301,1.000,0.000000,
80.000,ARRIVED,901,4,8,20,3.091,172.392,4.403,1.632,0.000000,
80.000,ARRIVED,902,4,10,3,3.119,151.424,6.247,1.906,0.000000,
80.450,FINISHED,84,1,4,11,2.123,95.277,6.089,1.000,0.000000,
80.450,STARTED,85,1,6,12,2.738,53.341,7.035,2.422,0.000000,observed_rate=2.000
80.659,FINISHED,82,0,1,19,2.983,85.869,7.174,1.995,0.000000,
80.659,STARTED,91,0,2,17,8.183,50.221,6.572,1.000,0.000000,observed_rate=1.000
81.000,ARRIVED,903,0,3,19,5.159,176.581,7.502,1.690,0.000000,
81.000,ARRIVED,904,2,8,7,4.659,102.129,6.954,2.521,0.000000,
81.000,ARRIVED,905,2,1,9,5.679,148.536,6.353,1.000,0.000000,
81.000,ARRIVED,906,3,2,4,5.060,123.612,2.307,1.000,0.000000,
81.000,ARRIVED,907,4,8,8,7.616,175.024,6.176,2.119,0.000000,
81.000,ARRIVED,908,4,8,9,4.283,127.306,6.895,1.000,0.000000,
81.000,ARRIVED,909,4,4,19,9.409,107.432,6.431,1.000,0.000000,
82.000,ARRIVED,910,1,3,1,3.141,170.749,2.569,1.000,0.000000,
82.000,ARRIVED,911,1,1,20,3.774,137.140,4.155,1.000,0.000000,
82.000,ARRIVED,912,3,1,10,9.414,151.536,7.375,1.000,0.000000,
82.000,ARRIVED,913,3,9,1,7.646,128.185,2.436,1.000,0.000000,
82.000,ARRIVED,914,3,10,1,3.786,167.525,5.048,1.749,0.000000,
82.000,ARRIVED,915,3,4,4,2.069,185.233,2.719,1.000,0.000000,
82.000,ARRIVED,916,4,7,8,4.007,174.069,2.585,2.900,0.000000,
82.000,ARRIVED,917,4,6,18,6.188,179.385,7.899,1.000,0.000000,
82.000,ARRIVED,918,4,10,3,1.775,185.757,5.846,1.000,0.000000,
82.000,ARRIVED,919,4,9,14,7.577,199.555,6.601,1.000,0.000000,
82.000,ARRIVED,920,4,6,8,8.670,164.929,3.277,1.000,0.000000,
82.641,FINISHED,97,3,8,13,7.564,63.307,7.134,1.000,0.000000,
82.641,STARTED,112,3,2,20,8.081,31.641,4.376,1.000,0.000000,observed_rate=4.000
83.000,ARRIVED,921,1,10,11,5.171,186.402,4.729,1.000,0.000000,
83.000,ARRIVED,922,1,2,2,6.424,191.122,3.080,1.000,0.000000,
83.000,ARRIVED,923,1,5,19,1.474,194.405,3.641,1.000,0.000000,
83.000,ARRIVED,924,1,1,1,6.509,152.515,4.462,2.171,0.000000,
83.000,ARRIVED,925,3,3,10,9.488,185.435,2.898,1.000,0.000000,
83.000,ARRIVED,926,3,10,18,7.267,162.901,4.484,1.000,0.000000,
83.000,ARRIVED,927,4,5,3,4.309,132.180,2.022,1.000,0.000000,
83.000,ARRIVED,928,4,1,14,2.149,133.077,4.891,1.000,0.000000,
83.392,FINISHED,180,2,10,9,8.338,133.428,7.917,1.000,0.000000,
83.392,STARTED,181,2,3,2,6.367,41.628,6.953,2.579,0.000000,observed_rate=0.000
84.000,ARRIVED,929,1,6,2,3.186,164.424,6.506,1.646,0.000000,
84.000,ARRIVED,930,2,2,19,1.245,176.130,4.883,1.000,0.000000,
84.000,ARRIVED,931,2,3,12,9.839,162.060,7.999,2.123,0.000000,
84.000,ARRIVED,932,2,5,20,4.533,161.629,7.665,1.000,0.000000,
84.000,ARRIVED,933,3,3,7,2.231,126.936,2.364,1.000,0.000000,
84.000,ARRIVED,934,3,7,9,8.177,130.699,7.357,1.000,0.000000,
84.000,ARRIVED,935,3,1,5,5.623,176.602,7.329,1.000,0.000000,
84.000,ARRIVED,936,4,5,10,6.387,192.545,2.882,1.000,0.000000,
84.000,ARRIVED,937,4,9,5,6.991,115.860,4.492,1.000,0.000000,
84.000,ARRIVED,938,4,5,5,7.806,119.848,3.486,1.590,0.000000,
85.000,ARRIVED,939,1,2,6,3.949,143.950,2.161,1.000,0.000000,
85.000,ARRIVED,940,1,3,8,7.022,166.350,5.601,1.884,0.000000,
85.000,ARRIVED,941,2,3,7,6.942,204.815,3.374,1.000,0.000000,
85.000,ARRIVED,942,2,3,3,8.824,120.428,3.850,1.000,0.000000,
85.000,ARRIVED,943,2,10,18,9.073,127.791,3.636,1.000,0.000000,
85.000,ARRIVED,944,2,8,8,3.352,184.139,6.880,1.000,0.000000,
85.000,ARRIVED,945,2,5,15,7.113,127.002,7.103,1.000,0.000000,
85.000,ARRIVED,946,3,3,20,5.916,145.106,7.238,1.000,0.000000,
85.000,ARRIVED,947,3,8,12,7.214,106.005,2.041,1.000,0.000000,
85.000,ARRIVED,948,3,3,9,4.406,153.251,3.976,1.000,0.000000,
85.000,ARRIVED,949,4,10,7,2.959,141.693,6.430,1.000,0.000000,
85.000,ARRIVED,950,4,6,11,5.302,181.598,6.334,1.000,0.000000,
85.000,ARRIVED,951,4,7,7,6.094,160.312,7.311,1.000,0.000000,
85.000,ARRIVED,952,4,3,8,5.561,203.294,3.628,2.353,0.000000,
85.000,ARRIVED,953,4,7,10,8.347,186.102,6.678,1.000,0.000000,
85.000,ARRIVED,954,4,4,18,2.991,193.839,7.542,1.000,0.000000,
86.000,ARRIVED,955,1,1,20,7.921,162.021,3.991,1.000,0.000000,
86.000,ARRIVED,956,2,4,5,5.337,142.687,2.480,1.000,0.000000,
86.000,ARRIVED,957,3,2,12,4.215,157.151,7.342,1.873,0.000000,
86.000,ARRIVED,958,3,4,4,8.320,175.411,7.827,1.000,0.000000,
86.000,ARRIVED,959,3,7,13,8.038,162.447,6.814,1.000,0.000000,
86.000,ARRIVED,960,3,7,15,1.861,161.738,6.854,2.175,0.000000,
86.000,ARRIVED,961,4,1,15,8.194,115.954,7.975,1.000,0.000000,
86.000,ARRIVED,962,4,6,2,9.432,132.887,7.468,2.702,0.000000,
86.000,ARRIVED,963,4,10,19,2.447,142.789,3.922,1.000,0.000000,
86.000,ARRIVED,964,4,9,7,1.439,170.338,2.317,1.000,0.000000,
86.000,ARRIVED,965,4,10,19,8.756,116.552,4.047,1.000,0.000000,
86.000,ARRIVED,966,4,7,5,3.071,199.451,3.794,2.459,0.000000,
86.000,ARRIVED,967,4,6,16,3.436,122.124,7.520,1.000,0.000000,
86.000,ARRIVED,968,4,5,12,7.743,200.628,4.410,1.000,0.000000,
86.000,ARRIVED,969,4,4,11,5.111,129.445,5.212,2.481,0.000000,
86.000,ARRIVED,970,4,10,9,5.018,135.444,4.334,1.000,0.000000,
86.000,ARRIVED,971,4,6,17,2.836,177.119,5.035,1.000,0.000000,
87.000,ARRIVED,972,0,7,16,9.776,191.689,3.597,1.000,0.000000,
87.000,ARRIVED,973,0,10,12,8.445,143.132,3.054,1.000,0.000000,
87.000,ARRIVED,974,1,2,19,5.797,198.133,3.896,1.000,0.000000,
87.000,ARRIVED,975,2,8,15,5.342,137.801,2.028,1.690,0.000000,
87.000,ARRIVED,976,2,4,15,6.699,166.629,5.805,1.833,0.000000,
87.000,ARRIVED,977,2,2,12,1.916,188.400,5.636,2.267,0.000000,
87.000,ARRIVED,978,3,1,19,9.725,152.605,4.542,1.000,0.000000,
87.000,ARRIVED,979,3,1,18,2.813,178.395,5.384,1.000,0.000000,
87.000,ARRIVED,980,3,5,8,3.054,160.583,4.265,1.000,0.000000,
87.000,ARRIVED,981,4,5,4,9.321,156.815,3.435,1.000,0.000000,
87.000,ARRIVED,982,4,1,19,1.730,175.734,6.256,1.000,0.000000,
87.000,ARRIVED,983,4,10,16,9.767,116.734,4.684,1.000,0.000000,
87.000,ARRIVED,984,4,8,19,7.061,136.746,6.012,1.000,0.000000,
87.000,ARRIVED,985,4,2,12,6.835,191.512,2.015,1.000,0.000000,
87.017,FINISHED,112,3,2,20,8.081,31.641,4.376,1.000,0.000000,
87.017,STARTED,113,3,9,8,2.392,85.374,5.414,1.000,0.000000,observed_rate=3.000
87.231,FINISHED,91,0,2,17,8.183,50.221,6.572,1.000,0.000000,
87.231,STARTED,92,0,8,12,1.719,69.494,5.457,1.000,0.000000,observed_rate=2.000
87.685,FINISHED,34,4,6,18,7.487,116.798,7.266,2.038,0.000000,
87.685,STARTED,55,4,8,6,6.631,73.460,2.565,1.000,0.000000,observed_rate=5.000
88.000,ARRIVED,986,0,3,5,8.998,158.503,4.199,1.000,0.000000,
88.000,ARRIVED,987,2,4,4,1.333,179.421,5.252,1.000,0.000000,
88.000,ARRIVED,988,3,10,7,9.888,186.824,3.667,1.000,0.000000,
88.000,ARRIVED,989,3,1,10,7.601,200.254,2.186,2.863,0.000000,
88.000,ARRIVED,990,4,7,13,5.736,181.744,7.906,1.000,0.000000,
88.000,ARRIVED,991,4,8,10,4.066,189.770,4.763,1.000,0.000000,
89.000,ARRIVED,992,1,5,14,8.495,113.019,4.660,1.000,0.000000,
89.000,ARRIVED,993,1,6,3,6.673,169.563,2.010,1.000,0.000000,
89.000,ARRIVED,994,1,7,3,5.542,143.087,4.248,1.000,0.000000,
89.000,ARRIVED,995,2,3,6,1.780,177.633,2.079,1.000,0.000000,
89.000,ARRIVED,996,2,3,2,3.305,182.070,7.968,1.000,0.000000,
89.000,ARRIVED,997,2,1,3,8.695,120.811,2.358,1.000,0.000000,
89.000,ARRIVED,998,3,4,8,6.874,159.433,5.035,1.000,0.000000,
89.000,ARRIVED,999,3,7,13,4.511,160.563,4.169,1.827,0.000000,
89.000,ARRIVED,1000,3,10,13,6.279,165.056,2.252,2.604,0.000000,
89.000,ARRIVED,1001,3,10,12,6.493,206.298,3.948,1.830,0.000000,
89.000,ARRIVED,1002,4,8,13,6.290,159.521,3.720,1.000,0.000000,
89.000,ARRIVED,1003,4,2,14,3.818,119.896,3.621,2.437,0.000000,
89.000,ARRIVED,1004,4,1,6,2.702,122.743,6.607,2.712,0.000000,
90.000,ARRIVED,1005,1,10,9,7.760,188.885,7.448,2.617,0.000000,
90.000,ARRIVED,1006,2,9,10,3.120,156.600,2.591,1.000,0.000000,
90.000,ARRIVED,1007,2,9,17,1.917,184.881,6.684,1.000,0.000000,
90.000,ARRIVED,1008,3,10,6,7.311,141.746,5.616,1.000,0.000000,
90.000,ARRIVED,1009,3,6,4,2.106,113.243,7.489,1.000,0.000000,
90.000,ARRIVED,1010,3,9,5,7.831,194.163,7.084,1.000,0.000000,
90.000,ARRIVED,1011,3,8,8,1.125,153.845,6.206,2.186,0.000000,
90.000,ARRIVED,1012,3,7,12,4.814,207.833,2.174,2.458,0.000000,
90.000,ARRIVED,1013,4,2,20,3.917,133.006,7.652,2.821,0.000000,
90.000,ARRIVED,1014,4,2,8,5.471,177.190,6.372,1.000,0.000000,
90.000,ARRIVED,1015,4,6,15,3.993,184.420,5.000,1.802,0.000000,
90.000,ARRIVED,1016,4,8,20,3.683,172.868,4.112,2.155,0.000000,
90.000,ARRIVED,1017,4,6,11,5.412,158.632,6.684,1.000,0.000000,
90.250,FINISHED,55,4,8,6,6.631,73.460,2.565,1.000,0.000000,
90.250,STARTED,56,4,2,15,2.656,71.545,3.735,2.290,0.000000,observed_rate=5.000
90.250,OFFLOADED,66,4,9,12,6.267,116.712,3.907,1.000,0.000000,trigger=REACTIVE;observed_rate=5.000;smoothed_rate=4.427;predicted_queue=344.000;deadline_risk=false;decision_score=0.000000;offload_count=1;destination_node=-1;destination_policy=DROP
90.250,OFFLOADED,67,4,2,2,2.920,77.288,7.976,1.000,0.000000,trigger=REACTIVE;observed_rate=5.000;smoothed_rate=4.427;predicted_queue=344.000;deadline_risk=false;decision_score=0.000000;offload_count=1;destination_node=-1;destination_policy=DROP
90.250,OFFLOADED,68,4,7,13,1.775,37.876,3.282,1.000,0.000000,trigger=REACTIVE;observed_rate=5.000;smoothed_rate=4.427;predicted_queue=344.000;deadline_risk=false;decision_score=0.000000;offload_count=1;destination_node=-1;destination_policy=DROP
90.250,OFFLOADED,69,4,1,19,7.513,81.446,4.722,1.000,0.000000,trigger=REACTIVE;observed_rate=5.000;smoothed_rate=4.427;predicted_queue=344.000;deadline_risk=false;decision_score=0.000000;offload_count=1;destination_node=-1;destination_policy=DROP
90.250,OFFLOADED,70,4,5,10,3.862,61.451,4.807,1.983,0.000000,trigger=REACTIVE;observed_rate=5.000;smoothed_rate=4.427;predicted_queue=344.000;deadline_risk=false;decision_score=0.000000;offload_count=1;destination_node=-1;destination_policy=DROP
91.000,ARRIVED,1018,1,3,19,4.293,112.580,3.631,2.981,0.000000,
91.000,ARRIVED,1019,1,2,9,7.873,124.413,3.667,1.000,0.000000,
91.000,ARRIVED,1020,2,4,4,6.696,188.282,4.259,1.000,0.000000,
91.000,ARRIVED,1021,3,7,3,8.839,129.668,4.644,1.686,0.000000,
91.000,ARRIVED,1022,3,5,13,5.648,199.097,4.933,1.000,0.000000,
91.000,ARRIVED,1023,3,4,12,8.969,203.135,3.325,1.000,0.000000,
91.000,ARRIVED,1024,3,6,10,5.223,114.889,6.807,1.000,0.000000,
91.000,ARRIVED,1025,3,8,2,8.580,157.881,6.276,1.000,0.000000,
91.000,ARRIVED,1026,3,6,17,6.587,198.670,3.291,1.000,0.000000,
91.000,ARRIVED,1027,4,7,15,6.236,133.503,5.929,1.000,0.000000,
91.000,ARRIVED,1028,4,9,15,3.730,203.375,3.884,2.408,0.000000,
91.000,ARRIVED,1029,4,5,17,5.206,196.004,3.739,1.000,0.000000,
91.000,ARRIVED,1030,4,6,1,6.115,159.378,4.334,1.638,0.000000,
91.000,ARRIVED,1031,4,2,1,1.526,124.893,7.196,1.000,0.000000,
92.000,ARRIVED,1032,1,2,11,8.692,142.018,2.850,1.000,0.000000,
92.000,ARRIVED,1033,1,8,20,3.180,182.837,3.818,1.902,0.000000,
92.000,ARRIVED,1034,1,2,20,6.995,120.872,5.171,1.000,0.000000,
92.000,ARRIVED,1035,2,10,6,7.085,116.083,7.430,1.000,0.000000,
92.000,ARRIVED,1036,2,10,7,2.599,175.841,5.968,2.147,0.000000,
92.000,ARRIVED,1037,3,4,6,1.015,115.594,6.879,1.809,0.000000,
92.000,ARRIVED,1038,3,1,1,5.975,160.819,6.685,1.000,0.000000,
92.000,ARRIVED,1039,4,7,15,5.814,173.657,4.756,2.730,0.000000,
92.000,ARRIVED,1040,4,10,3,1.589,208.972,2.137,1.000,0.000000,
92.000,ARRIVED,1041,4,10,15,3.346,132.842,5.830,1.000,0.000000,
92.430,FINISHED,113,3,9,8,2.392,85.374,5.414,1.000,0.000000,
92.430,STARTED,114,3,10,17,6.503,41.490,7.776,1.000,0.000000,observed_rate=2.000
92.688,FINISHED,92,0,8,12,1.719,69.494,5.457,1.000,0.000000,
92.688,STARTED,106,0,3,3,8.124,125.921,4.080,1.000,0.000000,observed_rate=0.000
93.000,ARRIVED,1042,1,3,8,2.162,171.686,2.797,2.388,0.000000,
93.000,ARRIVED,1043,3,4,16,5.678,138.827,5.184,1.000,0.000000,
93.000,ARRIVED,1044,4,1,13,7.749,132.606,6.264,1.000,0.000000,
93.000,ARRIVED,1045,4,6,1,3.803,117.454,2.015,2.306,0.000000,
93.000,ARRIVED,1046,4,4,12,2.829,119.503,7.737,2.809,0.000000,
93.000,ARRIVED,1047,4,4,10,9.579,198.111,3.023,1.000,0.000000,
93.000,ARRIVED,1048,4,8,17,4.915,188.896,4.488,1.000,0.000000,
94.000,ARRIVED,1049,0,1,15,3.462,163.410,3.640,1.000,0.000000,
94.000,ARRIVED,1050,0,3,13,4.992,141.372,6.266,2.955,0.000000,
94.000,ARRIVED,1051,1,7,18,7.366,195.253,2.386,1.000,0.000000,
94.000,ARRIVED,1052,2,4,10,9.566,192.468,3.914,1.000,0.000000,
94.000,ARRIVED,1053,3,9,1,5.131,139.125,4.280,1.957,0.000000,
94.000,ARRIVED,1054,3,2,1,7.214,194.254,4.149,1.000,0.000000,
94.000,ARRIVED,1055,4,6,6,1.423,211.362,7.485,1.000,0.000000,
94.000,ARRIVED,1056,4,3,15,1.083,117.051,6.976,1.000,0.000000,
94.000,ARRIVED,1057,4,4,1,7.368,176.271,2.585,1.000,0.000000,
94.000,ARRIVED,1058,4,6,2,8.140,164.985,5.823,1.000,0.000000,
95.000,ARRIVED,1059,0,9,2,8.135,192.554,4.574,1.000,0.000000,
95.000,ARRIVED,1060,1,6,3,9.952,128.412,3.299,1.000,0.000000,
95.000,ARRIVED,1061,1,4,16,9.826,200.906,4.181,1.000,0.000000,
95.000,ARRIVED,1062,1,10,2,6.450,212.790,6.916,1.000,0.000000,
95.000,ARRIVED,1063,2,2,13,9.152,176.114,4.134,1.000,0.000000,
95.000,ARRIVED,1064,2,4,3,2.382,179.276,7.807,1.000,0.000000,
96.000,ARRIVED,1065,2,2,5,2.501,171.734,2.183,2.261,0.000000,
96.000,ARRIVED,1066,2,5,13,7.338,186.326,2.423,1.000,0.000000,
96.000,ARRIVED,1067,2,10,18,7.262,213.228,3.219,2.063,0.000000,
96.000,ARRIVED,1068,3,7,17,5.728,199.266,5.165,1.000,0.000000,
96.000,ARRIVED,1069,3,1,9,5.968,180.367,4.401,2.251,0.000000,
96.000,ARRIVED,1070,3,1,18,8.955,164.870,6.163,1.000,0.000000,
96.000,ARRIVED,1071,3,8,14,5.944,162.732,6.387,1.000,0.000000,
96.000,ARRIVED,1072,3,2,4,7.406,117.566,7.207,1.000,0.000000,
96.000,ARRIVED,1073,4,10,8,2.764,146.530,3.890,1.000,0.000000,
96.000,ARRIVED,1074,4,2,8,9.047,133.288,7.251,1.000,0.000000,
96.000,ARRIVED,1075,4,2,19,4.409,138.337,7.890,1.983,0.000000,
96.000,ARRIVED,1076,4,10,15,6.402,197.804,2.862,1.000,0.000000,
96.000,ARRIVED,1077,4,6,1,8.923,210.765,7.502,1.000,0.000000,
96.000,ARRIVED,1078,4,3,19,3.040,135.860,7.631,1.000,0.000000,
96.000,ARRIVED,1079,4,1,19,3.280,182.089,4.608,1.000,0.000000,
96.768,FINISHED,106,0,3,3,8.124,125.921,4.080,1.000,0.000000,
96.768,STARTED,107,0,3,19,1.160,87.110,3.922,2.558,0.000000,observed_rate=0.000
97.000,ARRIVED,1080,1,1,13,3.991,203.872,4.641,2.263,0.000000,
97.000,ARRIVED,1081,1,2,3,6.559,207.394,2.385,1.000,0.000000,
97.000,ARRIVED,1082,1,8,2,5.092,122.565,7.436,1.000,0.000000,
97.000,ARRIVED,1083,2,5,18,4.471,182.937,3.841,1.591,0.000000,
97.000,ARRIVED,1084,3,9,9,4.783,124.203,6.949,1.000,0.000000,
97.000,ARRIVED,1085,4,7,12,7.129,199.246,7.451,1.000,0.000000,
97.000,ARRIVED,1086,4,5,7,7.430,178.675,2.530,1.555,0.000000,
97.000,ARRIVED,1087,4,10,1,9.958,195.112,3.905,1.616,0.000000,
97.000,ARRIVED,1088,4,10,10,7.851,138.421,7.148,1.000,0.000000,
97.000,ARRIVED,1089,4,5,17,3.870,119.881,7.147,1.000,0.000000,
97.000,ARRIVED,1090,4,8,14,6.599,197.849,2.390,1.000,0.000000,
97.492,FINISHED,85,1,6,12,2.738,53.341,7.035,2.422,0.000000,
97.492,STARTED,93,1,10,20,1.990,82.114,4.172,1.000,0.000000,observed_rate=3.000
98.000,ARRIVED,1091,1,5,3,3.293,155.823,6.468,1.000,0.000000,
98.000,ARRIVED,1092,2,10,18,7.318,182.569,5.552,1.000,0.000000,
98.000,ARRIVED,1093,2,7,10,5.180,164.447,4.127,1.000,0.000000,
98.000,ARRIVED,1094,2,10,19,5.340,194.469,4.892,1.000,0.000000,
98.000,ARRIVED,1095,3,9,10,2.031,163.433,5.992,1.000,0.000000,
98.000,ARRIVED,1096,3,4,2,3.125,155.742,7.768,1.000,0.000000,
98.000,ARRIVED,1097,3,3,7,4.865,193.129,4.655,1.000,0.000000,
98.000,ARRIVED,1098,3,6,10,7.184,124.290,3.357,2.184,0.000000,
98.000,ARRIVED,1099,4,6,1,8.125,145.688,5.773,1.000,0.000000,
98.000,ARRIVED,1100,4,7,10,9.041,156.971,6.744,2.927,0.000000,
98.000,ARRIVED,1101,4,7,16,8.279,176.115,6.342,1.000,0.000000,
98.000,ARRIVED,1102,4,3,17,5.195,159.968,7.153,1.000,0.000000,
98.000,ARRIVED,1103,4,7,10,3.160,150.435,7.849,2.276,0.000000,
98.000,ARRIVED,1104,4,7,16,6.843,208.155,4.869,1.000,0.000000,
98.000,ARRIVED,1105,4,9,16,1.741,151.803,6.573,1.000,0.000000,
98.803,FINISHED,56,4,2,15,2.656,71.545,3.735,2.290,0.000000,
98.803,STARTED,71,4,7,10,8.915,115.627,4.578,1.000,0.000000,observed_rate=7.000
99.000,ARRIVED,1106,0,1,7,9.794,125.120,6.814,1.000,0.000000,
99.000,ARRIVED,1107,2,5,7,4.318,126.272,4.253,1.515,0.000000,
99.000,ARRIVED,1108,2,4,2,1.016,163.406,5.618,1.000,0.000000,
99.000,ARRIVED,1109,3,10,5,1.481,215.768,3.796,1.000,0.000000,
99.000,ARRIVED,1110,3,6,5,8.440,142.203,4.835,1.000,0.000000,
99.000,ARRIVED,1111,3,2,16,5.585,171.106,2.519,2.190,0.000000,
99.000,ARRIVED,1112,4,10,19,8.968,158.545,5.695,1.696,0.000000,
99.000,ARRIVED,1113,4,7,6,2.676,151.506,4.806,1.000,0.000000,
99.000,ARRIVED,1114,4,7,2,5.497,180.845,6.574,1.000,0.000000,
99.000,ARRIVED,1115,4,1,17,5.720,150.686,6.480,1.610,0.000000,
100.000,ARRIVED,1116,1,7,11,3.919,149.917,6.253,1.000,0.000000,
100.000,ARRIVED,1117,1,7,13,5.136,185.356,5.767,1.000,0.000000,
100.000,ARRIVED,1118,2,10,15,2.778,147.382,2.231,1.000,0.000000,
100.000,ARRIVED,1119,2,3,15,2.303,210.030,5.916,1.000,0.000000,
100.000,ARRIVED,1120,3,10,1,6.007,190.939,6.812,1.888,0.000000,
100.000,ARRIVED,1121,3,1,14,5.682,138.759,3.591,1.000,0.000000,
100.000,ARRIVED,1122,3,8,13,5.734,203.587,5.389,1.000,0.000000,
100.000,ARRIVED,1123,4,4,3,2.775,207.846,5.547,1.000,0.000000,
100.000,ARRIVED,1124,4,9,20,7.587,168.610,5.085,1.000,0.000000,
100.000,ARRIVED,1125,4,3,6,9.013,182.012,2.980,1.000,0.000000,
100.000,ARRIVED,1126,4,2,20,9.860,216.235,2.832,1.000,0.000000,
100.000,ARRIVED,1127,4,4,11,2.005,151.740,5.022,1.000,0.000000,
100.207,FINISHED,114,3,10,17,6.503,41.490,7.776,1.000,0.000000,
100.207,STARTED,115,3,3,5,2.321,113.141,3.571,1.000,0.000000,observed_rate=3.000
101.000,ARRIVED,1128,2,4,2,9.325,173.619,3.152,1.000,0.000000,
101.000,ARRIVED,1129,2,10,8,5.063,163.721,6.382,1.000,0.000000,
101.000,ARRIVED,1130,3,10,10,1.665,139.001,2.409,1.000,0.000000,
101.000,ARRIVED,1131,3,10,17,5.691,198.028,7.303,1.000,0.000000,
101.000,ARRIVED,1132,3,4,5,3.631,184.959,3.497,1.000,0.000000,
101.000,ARRIVED,1133,3,4,14,2.106,179.247,3.892,1.000,0.000000,
101.000,ARRIVED,1134,3,9,4,3.015,174.743,6.652,1.000,0.000000,
101.000,ARRIVED,1135,4,5,12,5.943,181.065,4.867,1.000,0.000000,
101.000,ARRIVED,1136,4,9,13,7.210,181.004,3.692,1.000,0.000000,
101.000,ARRIVED,1137,4,6,16,3.312,158.748,6.644,1.000,0.000000,
101.000,ARRIVED,1138,4,8,7,2.366,149.380,4.278,1.000,0.000000,
101.325,FINISHED,181,2,3,2,6.367,41.628,6.953,2.579,0.000000,
101.325,STARTED,191,2,9,9,5.149,61.949,4.297,1.000,0.000000,observed_rate=2.000
101.664,FINISHED,93,1,10,20,1.990,82.114,4.172,1.000,0.000000,
101.664,STARTED,94,1,4,7,6.411,93.668,4.618,1.633,0.000000,observed_rate=0.000
102.000,ARRIVED,1139,1,10,4,5.695,189.774,5.526,1.000,0.000000,
102.000,ARRIVED,1140,1,3,2,6.689,139.899,5.985,1.000,0.000000,
102.000,ARRIVED,1141,2,2,17,1.189,196.119,7.830,1.000,0.000000,
102.000,ARRIVED,1142,3,10,15,7.969,150.247,7.430,1.000,0.000000,
102.000,ARRIVED,1143,4,10,14,6.619,151.348,2.954,1.000,0.000000,
102.000,ARRIVED,1144,4,10,20,2.748,195.932,3.787,1.000,0.000000,
102.000,ARRIVED,1145,4,5,5,3.881,164.361,2.040,1.000,0.000000,
102.000,ARRIVED,1146,4,8,9,7.577,204.467,2.194,1.000,0.000000,
102.000,ARRIVED,1147,4,4,17,9.766,124.885,6.974,1.000,0.000000,
103.000,ARRIVED,1148,1,9,17,7.423,165.701,3.526,1.000,0.000000,
103.000,ARRIVED,1149,2,9,14,5.794,163.108,7.054,2.223,0.000000,
103.000,ARRIVED,1150,2,7,5,1.146,137.325,3.836,1.000,0.000000,
103.000,ARRIVED,1151,2,8,18,8.688,181.514,3.328,1.920,0.000000,
103.000,ARRIVED,1152,3,6,4,5.321,149.457,5.463,2.650,0.000000,
103.000,ARRIVED,1153,3,6,8,5.050,194.209,2.861,1.000,0.000000,
103.000,ARRIVED,1154,3,3,11,2.754,197.982,6.218,1.000,0.000000,
103.000,ARRIVED,1155,3,1,10,1.131,147.450,6.998,2.993,0.000000,
103.000,ARRIVED,1156,4,7,2,4.261,175.350,4.904,1.000,0.000000,
103.000,ARRIVED,1157,4,2,2,6.661,181.793,3.101,2.423,0.000000,
103.000,ARRIVED,1158,4,10,13,3.462,161.136,3.869,1.000,0.000000,
103.000,ARRIVED,1159,4,2,8,4.190,180.201,6.325,1.554,0.000000,
103.000,ARRIVED,1160,4,7,7,6.178,197.550,3.507,1.000,0.000000,
103.000,ARRIVED,1161,4,5,14,1.573,161.701,2.625,1.000,0.000000,
103.000,ARRIVED,1162,4,3,9,9.828,168.802,6.193,1.000,0.000000,
103.000,ARRIVED,1163,4,6,1,7.301,132.450,2.711,1.914,0.000000,
103.380,FINISHED,71,4,7,10,8.915,115.627,4.578,1.000,0.000000,
103.380,STARTED,81,4,8,14,5.985,59.741,5.894,1.000,0.000000,observed_rate=8.000
103.778,FINISHED,115,3,3,5,2.321,113.141,3.571,1.000,0.000000,
103.778,STARTED,122,3,9,13,4.818,60.124,5.182,1.000,0.000000,observed_rate=4.000
104.000,ARRIVED,1164,0,5,1,5.234,181.158,6.359,2.542,0.000000,
104.000,ARRIVED,1165,1,3,5,3.930,216.191,6.693,1.000,0.000000,
104.000,ARRIVED,1166,1,6,5,1.606,196.376,4.498,1.000,0.000000,
104.000,ARRIVED,1167,1,6,9,4.639,210.515,5.308,1.000,0.000000,
104.000,ARRIVED,1168,2,6,5,1.046,178.139,3.737,1.000,0.000000,
104.000,ARRIVED,1169,2,10,6,2.413,194.535,6.121,2.287,0.000000,
104.000,ARRIVED,1170,3,1,2,9.329,190.373,2.366,1.000,0.000000,
104.000,ARRIVED,1171,3,4,19,5.050,176.387,2.894,1.766,0.000000,
104.000,ARRIVED,1172,4,5,15,4.326,168.590,4.605,1.000,0.000000,
104.000,ARRIVED,1173,4,9,8,3.461,127.824,5.227,1.000,0.000000,
105.000,ARRIVED,1174,0,1,10,1.643,134.149,2.935,1.000,0.000000,
105.000,ARRIVED,1175,0,4,18,8.107,204.126,3.123,1.000,0.000000,
105.000,ARRIVED,1176,0,4,4,6.963,207.313,2.583,1.678,0.000000,
105.000,ARRIVED,1177,1,2,8,5.905,127.606,3.419,1.000,0.000000,
105.000,ARRIVED,1178,1,5,3,5.448,180.438,4.826,1.000,0.000000,
105.000,ARRIVED,1179,3,5,12,1.173,153.327,7.474,1.000,0.000000,
105.000,ARRIVED,1180,3,4,7,4.001,136.645,2.750,1.000,0.000000,
105.000,ARRIVED,1181,3,8,7,6.900,168.433,4.810,1.000,0.000000,
105.000,ARRIVED,1182,3,8,12,9.642,194.101,2.526,1.000,0.000000,
105.000,ARRIVED,1183,4,10,14,7.355,206.980,7.233,1.000,0.000000,
105.000,ARRIVED,1184,4,9,17,7.883,188.565,5.113,1.640,0.000000,
105.000,ARRIVED,1185,4,8,15,2.296,198.819,3.623,1.000,0.000000,
105.000,ARRIVED,1186,4,6,17,9.682,217.615,2.660,1.000,0.000000,
105.623,FINISHED,191,2,9,9,5.149,61.949,4.297,1.000,0.000000,
105.623,STARTED,203,2,3,11,1.505,122.174,5.597,1.000,0.000000,observed_rate=0.000
106.000,ARRIVED,1187,1,2,17,8.704,179.426,7.710,1.000,0.000000,
106.000,ARRIVED,1188,2,8,8,7.294,186.482,2.894,1.596,0.000000,
106.000,ARRIVED,1189,2,8,5,3.178,209.697,3.547,2.218,0.000000,
106.000,ARRIVED,1190,2,10,19,3.600,160.888,2.291,1.000,0.000000,
106.000,ARRIVED,1191,2,10,4,9.106,149.761,4.350,1.000,0.000000,
106.000,ARRIVED,1192,2,1,16,6.544,212.311,7.318,1.000,0.000000,
106.000,ARRIVED,1193,3,9,7,9.674,141.265,5.419,1.000,0.000000,
106.000,ARRIVED,1194,3,7,11,7.898,160.751,7.081,1.000,0.000000,
106.000,ARRIVED,1195,3,8,12,8.385,206.919,2.613,1.559,0.000000,
106.000,ARRIVED,1196,3,6,8,6.777,199.748,4.346,1.800,0.000000,
106.000,ARRIVED,1197,3,5,11,7.290,211.566,4.366,2.393,0.000000,
106.000,ARRIVED,1198,4,9,20,2.989,171.716,4.021,1.000,0.000000,
106.800,FINISHED,107,0,3,19,1.160,87.110,3.922,2.558,0.000000,
106.800,STARTED,120,0,10,13,4.883,127.398,7.779,1.000,0.000000,observed_rate=0.000
107.000,ARRIVED,1199,2,3,12,3.536,142.493,4.828,1.000,0.000000,
107.000,ARRIVED,1200,2,4,7,5.118,217.762,2.225,2.022,0.000000,
107.000,ARRIVED,1201,2,6,19,2.210,208.046,7.747,2.433,0.000000,
107.000,ARRIVED,1202,4,4,20,3.937,155.294,7.974,1.000,0.000000,
107.000,ARRIVED,1203,4,8,10,7.371,176.558,7.344,1.000,0.000000,
107.000,ARRIVED,1204,4,10,5,8.482,205.579,2.841,1.000,0.000000,
107.000,ARRIVED,1205,4,5,12,9.140,212.869,3.696,1.000,0.000000,
108.000,ARRIVED,1206,1,3,15,8.028,129.402,6.706,1.000,0.000000,
108.000,ARRIVED,1207,1,6,19,2.153,211.912,6.658,1.000,0.000000,
108.000,ARRIVED,1208,2,1,15,4.466,129.235,7.548,1.000,0.000000,
108.000,ARRIVED,1209,2,1,2,6.129,189.455,7.245,1.000,0.000000,
108.000,ARRIVED,1210,2,5,11,8.395,189.953,3.868,1.000,0.000000,
108.000,ARRIVED,1211,3,7,13,7.688,145.499,6.199,1.000,0.000000,
108.000,ARRIVED,1212,4,4,15,4.700,178.440,7.012,1.000,0.000000,
108.000,ARRIVED,1213,4,4,20,1.930,155.281,6.237,1.000,0.000000,
108.000,ARRIVED,1214,4,6,17,7.916,133.770,2.397,1.000,0.000000,
108.000,ARRIVED,1215,4,3,14,6.435,192.158,5.394,1.000,0.000000,
108.960,FINISHED,122,3,9,13,4.818,60.124,5.182,1.000,0.000000,
108.960,STARTED,123,3,5,19,3.621,117.201,2.068,2.884,0.000000,observed_rate=1.000
109.000,ARRIVED,1216,0,5,17,9.276,209.103,7.658,1.615,0.000000,
109.000,ARRIVED,1217,1,10,19,1.515,210.583,4.767,1.000,0.000000,
109.000,ARRIVED,1218,2,7,20,4.306,143.796,5.375,1.000,0.000000,
109.000,ARRIVED,1219,2,1,3,7.107,217.634,2.519,1.921,0.000000,
109.000,ARRIVED,1220,2,9,8,2.634,136.572,4.014,1.000,0.000000,
109.000,ARRIVED,1221,3,7,14,2.989,173.378,2.032,1.000,0.000000,
109.000,ARRIVED,1222,3,4,1,8.214,156.276,4.360,1.000,0.000000,
109.000,ARRIVED,1223,3,6,6,3.132,196.405,3.954,1.000,0.000000,
109.000,ARRIVED,1224,4,10,7,4.318,228.216,6.031,1.000,0.000000,
109.000,ARRIVED,1225,4,2,3,2.830,139.285,5.513,1.000,0.000000,
109.000,ARRIVED,1226,4,5,17,7.899,220.181,2.623,2.572,0.000000,
109.206,FINISHED,94,1,4,7,6.411,93.668,4.618,1.633,0.000000,
109.206,STARTED,95,1,4,3,2.594,59.351,3.182,2.782,0.000000,observed_rate=1.000
109.274,FINISHED,81,4,8,14,5.985,59.741,5.894,1.000,0.000000,
109.274,STARTED,89,4,1,16,5.014,92.386,5.604,1.594,0.000000,observed_rate=3.000
109.274,OFFLOADED,90,4,3,16,7.365,81.346,2.404,1.000,0.000000,trigger=REACTIVE;observed_rate=3.000;smoothed_rate=3.496;predicted_queue=417.000;deadline_risk=false;decision_score=0.000000;offload_count=1;destination_node=-1;destination_policy=DROP
109.274,OFFLOADED,98,4,6,6,4.677,61.867,5.899,1.000,0.000000,trigger=REACTIVE;observed_rate=3.000;smoothed_rate=3.496;predicted_queue=417.000;deadline_risk=false;decision_score=0.000000;offload_count=1;destination_node=-1;destination_policy=DROP
109.274,OFFLOADED,99,4,4,11,4.854,29.119,6.132,1.000,0.000000,trigger=REACTIVE;observed_rate=3.000;smoothed_rate=3.496;predicted_queue=417.000;deadline_risk=false;decision_score=0.000000;offload_count=1;destination_node=-1;destination_policy=DROP
109.274,OFFLOADED,100,4,2,20,7.753,92.651,6.486,1.000,0.000000,trigger=REACTIVE;observed_rate=3.000;smoothed_rate=3.496;predicted_queue=417.000;deadline_risk=false;decision_score=0.000000;offload_count=1;destination_node=-1;destination_policy=DROP
109.274,OFFLOADED,101,4,7,18,4.043,33.503,7.107,1.000,0.000000,trigger=REACTIVE;observed_rate=3.000;smoothed_rate=3.496;predicted_queue=417.000;deadline_risk=false;decision_score=0.000000;offload_count=1;destination_node=-1;destination_policy=DROP
110.000,ARRIVED,1227,1,1,8,6.105,155.436,3.713,1.000,0.000000,
110.000,ARRIVED,1228,2,5,2,5.184,173.710,6.225,2.497,0.000000,
110.000,ARRIVED,1229,2,2,3,2.297,165.057,3.399,1.000,0.000000,
110.000,ARRIVED,1230,2,8,13,5.315,137.247,5.468,1.000,0.000000,
110.000,ARRIVED,1231,3,8,14,6.180,227.620,7.919,1.000,0.000000,
110.000,ARRIVED,1232,3,4,10,2.566,140.149,3.877,2.062,0.000000,
110.000,ARRIVED,1233,3,2,13,7.036,205.244,2.303,1.000,0.000000,
110.000,ARRIVED,1234,3,2,4,6.872,148.690,4.037,1.000,0.000000,
110.000,ARRIVED,1235,3,3,13,2.861,146.983,7.759,1.000,0.000000,
110.000,ARRIVED,1236,3,9,10,6.035,162.634,3.996,1.928,0.000000,
110.000,ARRIVED,1237,3,7,3,4.883,192.662,5.424,2.858,0.000000,
110.000,ARRIVED,1238,4,8,4,8.123,162.568,4.397,1.000,0.000000,
110.000,ARRIVED,1239,4,1,13,6.538,191.238,6.910,1.000,0.000000,
110.000,ARRIVED,1240,4,4,20,2.795,158.150,6.503,1.000,0.000000,
110.000,ARRIVED,1241,4,9,11,5.339,188.454,6.430,1.000,0.000000,
111.000,ARRIVED,1242,1,10,18,2.698,167.358,3.110,1.000,0.000000,
111.000,ARRIVED,1243,1,10,4,2.359,156.454,2.053,1.000,0.000000,
111.000,ARRIVED,1244,2,9,7,1.754,167.130,2.198,1.000,0.000000,
111.000,ARRIVED,1245,3,5,13,5.867,166.909,6.960,1.727,0.000000,
111.000,ARRIVED,1246,3,5,7,4.054,224.736,6.237,1.000,0.000000,
111.000,ARRIVED,1247,3,1,8,2.464,176.563,3.089,1.000,0.000000,
111.000,ARRIVED,1248,3,7,9,6.060,213.355,5.625,1.000,0.000000,
111.000,ARRIVED,1249,4,7,5,9.421,163.325,4.497,1.000,0.000000,
111.000,ARRIVED,1250,4,8,7,7.970,173.809,6.717,2.179,0.000000,
111.000,ARRIVED,1251,4,3,3,4.628,203.865,4.058,1.000,0.000000,
111.220,FINISHED,203,2,3,11,1.505,122.174,5.597,1.000,0.000000,
111.220,STARTED,204,2,5,3,8.532,69.578,7.511,1.000,0.000000,observed_rate=1.000
112.000,ARRIVED,1252,0,3,8,8.428,228.112,7.387,1.000,0.000000,
112.000,ARRIVED,1253,0,1,3,9.405,176.036,6.859,2.374,0.000000,
112.000,ARRIVED,1254,1,2,15,2.068,134.128,4.653,1.000,0.000000,
112.000,ARRIVED,1255,2,2,3,1.985,165.146,3.732,1.000,0.000000,
112.000,ARRIVED,1256,2,5,5,8.305,150.667,6.121,1.000,0.000000,
112.000,ARRIVED,1257,2,4,4,8.942,163.385,7.317,1.841,0.000000,
112.000,ARRIVED,1258,3,6,15,7.734,157.498,3.974,1.000,0.000000,
112.000,ARRIVED,1259,3,9,11,5.366,224.046,2.725,2.959,0.000000,
112.000,ARRIVED,1260,3,10,15,8.991,163.555,2.705,1.000,0.000000,
112.000,ARRIVED,1261,4,5,19,9.160,144.000,3.788,1.000,0.000000,
112.000,ARRIVED,1262,4,9,7,2.507,170.416,4.183,1.000,0.000000,
112.000,ARRIVED,1263,4,6,13,9.666,185.799,6.860,1.000,0.000000,
112.000,ARRIVED,1264,4,5,6,5.359,192.899,2.302,1.000,0.000000,
112.000,ARRIVED,1265,4,8,8,3.799,165.843,7.339,1.000,0.000000,
112.000,ARRIVED,1266,4,3,12,4.150,206.397,3.107,1.000,0.000000,
113.000,ARRIVED,1267,1,1,6,8.539,138.696,6.518,1.000,0.000000,
113.000,ARRIVED,1268,1,2,11,2.615,181.176,4.343,2.525,0.000000,
113.000,ARRIVED,1269,2,5,10,8.115,212.506,4.879,1.000,0.000000,
113.000,ARRIVED,1270,3,2,13,2.096,181.364,3.644,1.000,0.000000,
113.000,ARRIVED,1271,3,8,13,1.847,204.973,6.537,1.950,0.000000,
113.000,ARRIVED,1272,3,4,13,9.440,198.586,3.163,1.693,0.000000,
113.000,ARRIVED,1273,3,3,14,7.469,209.751,6.965,1.000,0.000000,
113.000,ARRIVED,1274,4,9,13,8.880,199.241,5.910,1.743,0.000000,
113.000,ARRIVED,1275,4,9,4,8.207,168.595,6.806,1.000,0.000000,
113.000,ARRIVED,1276,4,3,14,1.650,154.634,4.485,1.000,0.000000,
114.000,ARRIVED,1277,0,2,20,8.855,186.207,7.544,1.998,0.000000,
114.000,ARRIVED,1278,1,9,8,1.679,182.453,3.951,1.000,0.000000,
114.000,ARRIVED,1279,1,4,12,8.896,173.900,5.613,1.000,0.000000,
114.000,ARRIVED,1280,2,5,8,9.845,197.229,4.148,2.915,0.000000,
114.000,ARRIVED,1281,2,8,3,8.985,189.636,7.518,1.000,0.000000,
114.000,ARRIVED,1282,2,4,2,1.552,192.121,3.422,2.185,0.000000,
114.000,ARRIVED,1283,2,8,1,1.869,214.463,5.634,1.000,0.000000,
114.000,ARRIVED,1284,3,4,11,7.888,157.838,3.668,1.000,0.000000,
114.000,ARRIVED,1285,3,1,18,3.925,232.312,7.084,1.000,0.000000,
114.000,ARRIVED,1286,3,3,6,8.777,144.996,3.857,2.212,0.000000,
114.000,ARRIVED,1287,4,5,4,1.326,156.270,3.589,1.000,0.000000,
114.000,ARRIVED,1288,4,1,10,2.260,165.789,5.217,1.000,0.000000,
114.579,FINISHED,120,0,10,13,4.883,127.398,7.779,1.000,0.000000,
114.579,STARTED,132,0,3,1,5.264,91.947,4.282,1.000,0.000000,observed_rate=1.000
114.923,FINISHED,123,3,5,19,3.621,117.201,2.068,2.884,0.000000,
114.923,STARTED,128,3,4,13,3.541,54.161,3.484,1.000,0.000000,observed_rate=3.000
115.000,ARRIVED,1289,2,8,10,2.531,197.607,3.477,2.144,0.000000,
115.000,ARRIVED,1290,2,7,4,5.111,196.058,7.113,1.763,0.000000,
115.000,ARRIVED,1291,3,4,10,1.077,198.266,6.178,1.000,0.000000,
115.000,ARRIVED,1292,3,3,12,6.150,150.220,3.906,1.000,0.000000,
115.000,ARRIVED,1293,4,3,13,3.328,205.409,3.327,1.000,0.000000,
115.000,ARRIVED,1294,4,10,9,3.597,183.503,3.447,1.000,0.000000,
115.000,ARRIVED,1295,4,7,12,6.899,148.351,4.364,1.000,0.000000,
115.000,ARRIVED,1296,4,4,16,4.379,179.185,4.310,2.379,0.000000,
116.000,ARRIVED,1297,1,3,8,8.118,136.010,6.042,1.000,0.000000,
116.000,ARRIVED,1298,1,6,16,7.167,170.714,2.398,1.000,0.000000,
116.000,ARRIVED,1299,2,10,2,2.828,200.316,2.726,1.000,0.000000,
116.000,ARRIVED,1300,2,5,17,1.007,183.807,7.025,1.000,0.000000,
116.000,ARRIVED,1301,3,3,15,9.308,179.619,4.358,1.000,0.000000,
116.000,ARRIVED,1302,3,4,17,8.616,143.716,6.975,1.000,0.000000,
116.000,ARRIVED,1303,3,5,13,3.640,203.369,5.744,1.000,0.000000,
116.000,ARRIVED,1304,3,10,13,3.736,179.076,7.775,1.000,0.000000,
116.000,ARRIVED,1305,4,3,13,3.701,195.270,2.715,1.000,0.000000,
116.000,ARRIVED,1306,4,2,17,2.342,155.289,4.747,2.311,0.000000,
116.000,ARRIVED,1307,4,8,3,7.328,231.464,4.430,1.000,0.000000,
117.000,ARRIVED,1308,1,8,1,3.753,185.048,5.598,2.822,0.000000,
117.000,ARRIVED,1309,1,2,17,8.676,142.606,7.155,1.000,0.000000,
117.000,ARRIVED,1310,1,10,4,6.624,198.195,6.958,1.000,0.000000,
117.000,ARRIVED,1311,1,5,8,5.140,207.704,7.450,2.345,0.000000,
117.000,ARRIVED,1312,2,1,5,1.733,170.764,6.052,1.000,0.000000,
117.000,ARRIVED,1313,4,7,5,4.485,150.683,5.786,1.585,0.000000,
117.000,ARRIVED,1314,4,6,8,9.271,142.014,6.822,1.000,0.000000,
117.000,ARRIVED,1315,4,2,11,7.651,190.429,7.987,2.493,0.000000,
118.000,ARRIVED,1316,1,9,6,8.636,233.613,4.217,1.000,0.000000,
118.000,ARRIVED,1317,1,6,2,5.942,155.389,6.027,1.000,0.000000,
118.000,ARRIVED,1318,2,4,11,4.813,208.128,3.222,1.000,0.000000,
118.000,ARRIVED,1319,2,1,6,1.334,227.366,3.064,1.000,0.000000,
118.000,ARRIVED,1320,3,7,7,4.263,152.283,6.339,1.000,0.000000,
118.000,ARRIVED,1321,3,6,3,2.162,167.853,7.269,2.157,0.000000,
118.000,ARRIVED,1322,3,6,19,9.132,167.149,6.152,2.380,0.000000,
118.000,ARRIVED,1323,4,6,9,4.150,144.369,7.975,2.041,0.000000,
118.000,ARRIVED,1324,4,4,10,1.787,191.751,6.461,1.000,0.000000,
118.000,ARRIVED,1325,4,3,1,4.182,160.012,3.956,1.000,0.000000,
118.000,ARRIVED,1326,4,5,15,7.822,206.390,7.724,1.000,0.000000,
118.000,ARRIVED,1327,4,4,20,4.585,208.325,3.631,2.337,0.000000,
118.000,ARRIVED,1328,4,10,2,5.668,153.203,6.560,1.000,0.000000,
118.000,ARRIVED,1329,4,1,18,9.846,195.593,3.335,1.000,0.000000,
118.000,ARRIVED,1330,4,5,7,7.847,221.615,7.812,1.000,0.000000,
118.058,FINISHED,95,1,4,3,2.594,59.351,3.182,2.782,0.000000,
118.058,STARTED,108,1,10,20,8.284,38.677,5.512,1.000,0.000000,observed_rate=2.000
118.205,FINISHED,89,4,1,16,5.014,92.386,5.604,1.594,0.000000,
118.205,STARTED,102,4,1,2,2.380,63.535,6.365,1.000,0.000000,observed_rate=8.000
118.407,FINISHED,128,3,4,13,3.541,54.161,3.484,1.000,0.000000,
118.407,STARTED,129,3,3,20,3.583,41.091,2.467,2.506,0.000000,observed_rate=3.000
118.407,OFFLOADED,136,3,8,4,5.675,101.478,6.059,1.512,0.000000,trigger=REACTIVE;observed_rate=3.000;smoothed_rate=2.533;predicted_queue=310.000;deadline_risk=false;decision_score=0.000000;offload_count=1;destination_node=-1;destination_policy=DROP
118.407,OFFLOADED,137,3,5,17,2.750,122.194,3.986,1.000,0.000000,trigger=REACTIVE;observed_rate=3.000;smoothed_rate=2.533;predicted_queue=310.000;deadline_risk=false;decision_score=0.000000;offload_count=1;destination_node=-1;destination_policy=DROP
118.407,OFFLOADED,138,3,6,13,6.545,69.034,7.544,1.000,0.000000,trigger=REACTIVE;observed_rate=3.000;smoothed_rate=2.533;predicted_queue=310.000;deadline_risk=false;decision_score=0.000000;offload_count=1;destination_node=-1;destination_policy=DROP
118.407,OFFLOADED,139,3,9,8,6.579,130.558,5.377,1.000,0.000000,trigger=REACTIVE;observed_rate=3.000;smoothed_rate=2.533;predicted_queue=310.000;deadline_risk=false;decision_score=0.000000;offload_count=1;destination_node=-1;destination_policy=DROP
118.407,OFFLOADED,140,3,5,10,2.430,129.795,2.687,2.793,0.000000,trigger=REACTIVE;observed_rate=3.000;smoothed_rate=2.533;predicted_queue=310.000;deadline_risk=false;decision_score=0.000000;offload_count=1;destination_node=-1;destination_policy=DROP
118.732,FINISHED,204,2,5,3,8.532,69.578,7.511,1.000,0.000000,
118.732,STARTED,205,2,6,7,6.369,124.130,2.657,1.000,0.000000,observed_rate=2.000
118.861,FINISHED,132,0,3,1,5.264,91.947,4.282,1.000,0.000000,
118.861,STARTED,154,0,6,19,4.168,57.093,4.623,1.000,0.000000,observed_rate=0.000
119.000,ARRIVED,1331,1,10,19,6.799,232.135,7.305,1.000,0.000000,
119.000,ARRIVED,1332,1,1,5,4.371,152.356,6.286,1.000,0.000000,
119.000,ARRIVED,1333,1,9,1,6.262,151.424,3.920,1.000,0.000000,
119.000,ARRIVED,1334,2,1,19,2.847,175.548,5.725,2.277,0.000000,
119.000,ARRIVED,1335,2,9,18,4.696,237.574,7.399,1.000,0.000000,
119.000,ARRIVED,1336,2,6,15,8.633,177.785,6.021,1.000,0.000000,
119.000,ARRIVED,1337,2,10,1,8.496,160.600,2.736,1.000,0.000000,
119.000,ARRIVED,1338,3,6,7,6.565,188.250,2.205,2.153,0.000000,
119.000,ARRIVED,1339,3,7,8,9.128,183.596,4.850,2.214,0.000000,
119.000,ARRIVED,1340,3,7,7,5.717,214.281,6.496,1.000,0.000000,
119.000,ARRIVED,1341,4,1,11,1.967,156.990,7.868,1.000,0.000000,
119.000,ARRIVED,1342,4,7,18,2.894,151.923,2.774,1.000,0.000000,
120.000,ARRIVED,1343,0,6,7,2.946,183.969,4.720,1.893,0.000000,
120.000,ARRIVED,1344,0,9,4,8.898,201.063,7.540,1.000,0.000000,
120.000,ARRIVED,1345,0,1,12,2.043,160.779,4.729,1.000,0.000000,
120.000,ARRIVED,1346,2,6,16,4.128,189.141,4.100,1.000,0.000000,
120.000,ARRIVED,1347,3,5,20,8.395,223.453,7.904,1.000,0.000000,
120.000,ARRIVED,1348,3,6,18,9.140,199.821,4.129,1.797,0.000000,
120.000,ARRIVED,1349,4,1,16,4.873,183.313,3.423,1.000,0.000000,
120.000,ARRIVED,1350,4,7,18,2.012,160.089,4.634,1.000,0.000000,
120.000,ARRIVED,1351,4,4,15,1.080,235.719,6.183,1.000,0.000000,
120.000,ARRIVED,1352,4,3,16,8.708,237.612,4.041,1.000,0.000000,
120.000,ARRIVED,1353,4,2,17,6.437,201.318,6.334,2.154,0.000000,
120.000,ARRIVED,1354,4,6,5,3.556,220.288,3.050,2.104,0.000000,
120.000,ARRIVED,1355,4,1,15,2.121,208.311,4.197,1.000,0.000000,
121.000,ARRIVED,1356,1,9,4,3.436,202.685,6.621,1.000,0.000000,
121.000,ARRIVED,1357,2,7,20,1.970,225.355,5.321,1.000,0.000000,
121.000,ARRIVED,1358,2,8,18,5.993,176.482,4.866,2.954,0.000000,
121.000,ARRIVED,1359,3,1,4,3.508,156.438,2.677,1.000,0.000000,
121.000,ARRIVED,1360,3,4,2,5.095,222.215,4.245,1.715,0.000000,
121.000,ARRIVED,1361,3,8,4,6.425,165.977,7.323,2.634,0.000000,
121.000,ARRIVED,1362,3,1,1,9.180,164.947,2.619,1.000,0.000000,
121.000,ARRIVED,1363,4,6,3,6.607,223.578,4.045,1.000,0.000000,
121.000,ARRIVED,1364,4,3,17,2.961,149.203,4.402,1.000,0.000000,
121.000,ARRIVED,1365,4,2,14,3.921,164.499,2.956,1.000,0.000000,
121.000,ARRIVED,1366,4,6,4,1.940,180.198,6.363,1.000,0.000000,
121.000,ARRIVED,1367,4,1,4,2.926,162.410,2.331,2.848,0.000000,
121.389,FINISHED,205,2,6,7,6.369,124.130,2.657,1.000,0.000000,
121.389,STARTED,209,2,2,3,4.869,109.400,5.325,1.000,0.000000,observed_rate=2.000
122.000,ARRIVED,1368,1,3,15,9.824,163.638,3.038,1.557,0.000000,
122.000,ARRIVED,1369,2,10,17,8.748,150.061,7.782,1.000,0.000000,
122.000,ARRIVED,1370,2,3,6,8.369,145.996,3.093,1.000,0.000000,
122.000,ARRIVED,1371,2,3,5,9.888,239.052,3.322,2.356,0.000000,
122.000,ARRIVED,1372,3,7,4,3.690,192.559,7.732,2.709,0.000000,
122.000,ARRIVED,1373,3,4,7,5.100,174.057,3.745,2.376,0.000000,
122.000,ARRIVED,1374,3,7,16,5.571,227.363,3.235,2.260,0.000000,
122.000,ARRIVED,1375,3,2,15,8.972,204.275,6.172,1.000,0.000000,
122.000,ARRIVED,1376,4,2,19,8.967,203.628,7.801,1.000,0.000000,
122.000,ARRIVED,1377,4,4,9,8.877,202.441,2.227,2.277,0.000000,
122.000,ARRIVED,1378,4,4,7,5.367,173.340,2.606,1.000,0.000000,
122.000,ARRIVED,1379,4,8,18,3.830,212.560,7.550,1.000,0.000000,
122.000,ARRIVED,1380,4,3,16,7.994,152.748,6.719,1.000,0.000000,
122.000,ARRIVED,1381,4,10,1,5.468,143.998,2.826,1.000,0.000000,
123.000,ARRIVED,1382,1,5,5,9.760,159.985,2.922,1.000,0.000000,
123.000,ARRIVED,1383,2,10,17,9.864,201.208,6.929,1.000,0.000000,
123.000,ARRIVED,1384,2,5,4,3.052,153.961,7.187,2.145,0.000000,
123.000,ARRIVED,1385,2,10,13,7.518,200.425,4.456,1.000,0.000000,
123.000,ARRIVED,1386,4,1,17,5.608,235.300,2.190,1.000,0.000000,
123.000,ARRIVED,1387,4,5,7,5.442,197.660,6.744,1.000,0.000000,
123.000,ARRIVED,1388,4,2,19,1.639,203.641,2.257,1.825,0.000000,
123.000,ARRIVED,1389,4,5,5,3.867,159.937,4.409,1.000,0.000000,
123.000,ARRIVED,1390,4,5,13,4.651,146.809,5.754,1.000,0.000000,
123.000,ARRIVED,1391,4,10,3,7.354,238.560,3.163,2.996,0.000000,
123.000,ARRIVED,1392,4,2,9,2.390,182.587,6.169,1.000,0.000000,
123.484,FINISHED,154,0,6,19,4.168,57.093,4.623,1.000,0.000000,
123.484,STARTED,189,0,5,11,4.678,56.757,6.177,1.000,0.000000,observed_rate=0.000
123.570,FINISHED,108,1,10,20,8.284,38.677,5.512,1.000,0.000000,
123.570,STARTED,109,1,10,9,5.316,75.614,4.078,1.940,0.000000,observed_rate=1.000
124.000,ARRIVED,1393,0,6,9,1.805,184.193,2.329,1.000,0.000000,
124.000,ARRIVED,1394,1,8,1,3.073,232.191,6.530,2.339,0.000000,
124.000,ARRIVED,1395,2,8,16,6.279,227.438,4.662,1.000,0.000000,
124.000,ARRIVED,1396,2,4,16,9.911,168.236,4.342,1.000,0.000000,
124.000,ARRIVED,1397,3,5,12,3.610,223.101,3.100,1.000,0.000000,
124.000,ARRIVED,1398,3,4,20,5.762,195.385,7.694,1.000,0.000000,
124.570,FINISHED,102,4,1,2,2.380,63.535,6.365,1.000,0.000000,
124.570,STARTED,103,4,4,10,6.021,62.378,6.747,1.000,0.000000,observed_rate=0.000
124.589,FINISHED,129,3,3,20,3.583,41.091,2.467,2.506,0.000000,
124.589,STARTED,141,3,8,14,4.732,47.983,6.951,1.512,0.000000,observed_rate=2.000
125.000,ARRIVED,1399,2,1,2,8.837,242.812,5.929,2.948,0.000000,
125.000,ARRIVED,1400,3,3,19,8.420,239.191,5.273,1.000,0.000000,
125.000,ARRIVED,1401,4,9,9,2.400,196.593,5.030,1.000,0.000000,
126.000,ARRIVED,1402,1,3,20,6.561,238.235,3.987,2.204,0.000000,
126.000,ARRIVED,1403,1,7,8,3.774,166.294,5.951,1.000,0.000000,
126.000,ARRIVED,1404,1,1,14,1.928,164.224,4.167,2.755,0.000000,
126.000,ARRIVED,1405,2,2,10,2.679,199.785,3.803,1.000,0.000000,
126.000,ARRIVED,1406,2,4,5,2.668,229.229,6.863,1.000,0.000000,
126.000,ARRIVED,1407,3,4,1,3.730,181.478,5.525,2.034,0.000000,
126.000,ARRIVED,1408,3,3,18,4.850,178.716,6.711,1.000,0.000000,
126.000,ARRIVED,1409,3,7,19,6.472,180.804,3.758,1.000,0.000000,
126.000,ARRIVED,1410,3,7,8,4.376,167.616,6.419,1.000,0.000000,
126.000,ARRIVED,1411,3,2,7,6.220,229.810,3.786,1.000,0.000000,
126.000,ARRIVED,1412,3,6,2,4.792,236.376,6.892,1.000,0.000000,
126.000,ARRIVED,1413,3,5,11,4.490,159.067,2.900,1.000,0.000000,
126.000,ARRIVED,1414,3,2,2,4.003,157.183,2.007,1.000,0.000000,
126.000,ARRIVED,1415,4,1,14,7.384,186.069,7.272,1.761,0.000000,
126.000,ARRIVED,1416,4,2,12,7.867,172.325,5.707,1.000,0.000000,
126.000,ARRIVED,1417,4,10,7,4.266,174.794,2.639,1.000,0.000000,
126.000,ARRIVED,1418,4,9,7,4.998,226.007,6.748,1.000,0.000000,
126.713,FINISHED,209,2,2,3,4.869,109.400,5.325,1.000,0.000000,
126.713,STARTED,228,2,6,4,6.280,61.817,7.146,1.000,0.000000,observed_rate=2.000
127.000,ARRIVED,1419,1,3,20,1.985,186.537,7.073,1.000,0.000000,
127.000,ARRIVED,1420,2,10,5,3.029,220.704,7.080,1.000,0.000000,
127.000,ARRIVED,1421,2,7,16,7.225,238.874,6.216,1.000,0.000000,
127.000,ARRIVED,1422,3,4,15,8.033,227.421,7.959,1.000,0.000000,
127.000,ARRIVED,1423,3,5,4,9.454,179.413,7.460,1.000,0.000000,
127.000,ARRIVED,1424,3,6,16,6.302,196.281,4.048,1.000,0.000000,
127.000,ARRIVED,1425,3,1,5,8.031,196.766,4.881,2.759,0.000000,
127.000,ARRIVED,1426,3,2,14,2.143,164.957,4.361,1.744,0.000000,
127.000,ARRIVED,1427,4,5,5,2.091,217.884,4.609,1.000,0.000000,
127.000,ARRIVED,1428,4,9,1,1.168,228.611,6.192,1.000,0.000000,
127.000,ARRIVED,1429,4,9,15,8.363,155.056,4.098,1.000,0.000000,
127.000,ARRIVED,1430,4,3,13,3.197,214.823,3.725,2.608,0.000000,
127.000,ARRIVED,1431,4,8,16,7.918,216.849,3.867,1.721,0.000000,
127.000,ARRIVED,1432,4,2,13,1.026,174.111,4.611,1.000,0.000000,
127.000,ARRIVED,1433,4,5,18,3.098,201.069,6.121,1.000,0.000000,
127.000,ARRIVED,1434,4,5,4,4.760,184.163,3.439,1.000,0.000000,
128.000,ARRIVED,1435,0,10,5,7.381,181.467,6.192,1.000,0.000000,
128.000,ARRIVED,1436,1,5,12,4.476,181.175,7.202,1.000,0.000000,
128.000,ARRIVED,1437,2,7,11,4.781,189.907,3.422,1.000,0.000000,
128.000,ARRIVED,1438,2,3,9,1.817,228.099,3.387,1.000,0.000000,
128.000,ARRIVED,1439,3,6,14,3.478,149.368,6.774,1.000,0.000000,
128.000,ARRIVED,1440,4,7,14,5.746,229.455,2.001,1.000,0.000000,
128.000,ARRIVED,1441,4,6,19,7.566,197.701,7.233,1.000,0.000000,
128.000,ARRIVED,1442,4,6,8,7.253,179.075,7.189,1.000,0.000000,
128.000,ARRIVED,1443,4,7,5,4.650,161.269,6.343,1.000,0.000000,
128.000,ARRIVED,1444,4,7,2,6.167,208.135,3.046,1.000,0.000000,
129.000,ARRIVED,1445,1,8,7,2.527,174.466,5.660,2.019,0.000000,
129.000,ARRIVED,1446,1,1,18,8.955,230.137,4.715,1.000,0.000000,
129.000,ARRIVED,1447,1,2,6,9.486,166.158,7.552,1.000,0.000000,
129.000,ARRIVED,1448,2,9,10,1.171,235.186,7.616,2.904,0.000000,
129.000,ARRIVED,1449,2,5,2,9.306,201.435,3.439,1.000,0.000000,
129.000,ARRIVED,1450,2,7,2,5.943,200.263,5.147,1.000,0.000000,
129.000,ARRIVED,1451,3,10,4,7.523,214.909,3.849,1.000,0.000000,
129.000,ARRIVED,1452,4,4,19,7.635,149.183,2.726,1.000,0.000000,
129.000,ARRIVED,1453,4,7,3,8.559,219.943,3.504,2.975,0.000000,
129.000,ARRIVED,1454,4,7,6,9.501,218.539,4.503,1.000,0.000000,
129.000,ARRIVED,1455,4,6,18,8.964,195.016,4.245,1.000,0.000000,
129.000,ARRIVED,1456,4,3,14,1.667,160.815,7.357,1.000,0.000000,
129.660,FINISHED,189,0,5,11,4.678,56.757,6.177,1.000,0.000000,
129.660,STARTED,190,0,6,2,6.798,53.294,6.526,1.000,0.000000,observed_rate=0.000
130.000,ARRIVED,1457,1,8,14,2.763,216.754,7.177,1.000,0.000000,
130.000,ARRIVED,1458,2,3,11,9.656,179.999,3.897,1.000,0.000000,
130.000,ARRIVED,1459,2,7,2,8.370,241.351,7.810,1.000,0.000000,
130.000,ARRIVED,1460,2,8,15,3.274,210.206,7.334,1.000,0.000000,
130.000,ARRIVED,1461,3,8,2,7.760,168.575,5.481,2.048,0.000000,
130.000,ARRIVED,1462,3,9,13,5.501,225.817,6.890,1.000,0.000000,
130.000,ARRIVED,1463,4,10,17,2.221,249.479,6.689,1.785,0.000000,
130.000,ARRIVED,1464,4,10,18,4.455,200.972,2.567,1.000,0.000000,
130.000,ARRIVED,1465,4,2,9,9.375,240.793,2.183,1.000,0.000000,
130.000,ARRIVED,1466,4,5,10,3.091,220.033,3.965,1.884,0.000000,
130.000,ARRIVED,1467,4,5,15,1.971,193.611,6.436,1.000,0.000000,
130.000,ARRIVED,1468,4,7,13,8.966,175.233,7.425,2.953,0.000000,
131.000,ARRIVED,1469,0,7,6,9.321,157.997,7.810,1.000,0.000000,
131.000,ARRIVED,1470,0,8,13,4.065,209.721,7.640,1.000,0.000000,
131.000,ARRIVED,1471,0,8,7,9.822,175.176,2.387,1.000,0.000000,
131.000,ARRIVED,1472,2,3,8,3.527,189.916,5.461,1.000,0.000000,
131.000,ARRIVED,1473,2,3,20,5.480,151.307,2.954,2.373,0.000000,
131.000,ARRIVED,1474,3,6,16,6.259,231.125,6.139,1.000,0.000000,
131.000,ARRIVED,1475,3,9,15,1.761,198.253,3.923,1.000,0.000000,
131.000,ARRIVED,1476,4,2,19,7.401,194.250,7.071,1.000,0.000000,
131.317,FINISHED,103,4,4,10,6.021,62.378,6.747,1.000,0.000000,
131.317,STARTED,104,4,5,6,3.081,79.710,3.214,1.000,0.000000,observed_rate=1.000
131.482,FINISHED,109,1,10,9,5.316,75.614,4.078,1.940,0.000000,
131.482,STARTED,121,1,9,8,8.310,47.415,6.551,2.714,0.000000,observed_rate=0.000
132.000,ARRIVED,1477,1,10,12,5.103,177.592,2.197,1.000,0.000000,
132.000,ARRIVED,1478,1,8,14,6.400,248.416,6.547,1.000,0.000000,
132.000,ARRIVED,1479,1,5,16,1.653,250.305,7.501,2.731,0.000000,
132.000,ARRIVED,1480,1,9,17,1.007,230.857,3.466,1.000,0.000000,
132.000,ARRIVED,1481,1,8,16,3.096,220.226,3.496,1.000,0.000000,
132.000,ARRIVED,1482,2,7,8,5.247,209.696,3.829,1.000,0.000000,
132.000,ARRIVED,1483,3,5,15,9.243,231.496,7.999,1.000,0.000000,
132.000,ARRIVED,1484,3,1,19,9.851,207.547,2.287,2.288,0.000000,
132.000,ARRIVED,1485,4,8,7,6.993,201.963,5.354,1.000,0.000000,
133.000,ARRIVED,1486,3,8,14,4.937,194.129,6.908,2.849,0.000000,
133.000,ARRIVED,1487,3,1,9,8.500,227.754,2.012,1.000,0.000000,
133.000,ARRIVED,1488,3,6,9,9.203,174.281,5.992,1.000,0.000000,
133.000,ARRIVED,1489,3,3,17,8.490,172.198,7.152,2.528,0.000000,
133.000,ARRIVED,1490,4,2,8,7.305,189.961,3.781,1.000,0.000000,
133.000,ARRIVED,1491,4,5,14,8.287,228.063,2.894,1.000,0.000000,
133.859,FINISHED,228,2,6,4,6.280,61.817,7.146,1.000,0.000000,
133.859,STARTED,229,2,10,12,7.838,93.012,2.277,1.000,0.000000,observed_rate=0.000
134.000,ARRIVED,1492,1,9,16,2.354,179.807,3.483,1.000,0.000000,
134.000,ARRIVED,1493,1,3,3,2.565,171.626,2.789,1.000,0.000000,
134.000,ARRIVED,1494,1,2,4,7.813,250.224,6.710,1.000,0.000000,
134.000,ARRIVED,1495,2,9,10,9.333,181.774,6.579,1.000,0.000000,
134.000,ARRIVED,1496,3,8,14,4.526,235.108,6.090,1.000,0.000000,
134.000,ARRIVED,1497,3,9,16,3.487,173.780,4.849,1.000,0.000000,
134.000,ARRIVED,1498,4,7,19,1.242,220.677,6.566,1.000,0.000000,
134.000,ARRIVED,1499,4,9,17,5.119,180.937,6.564,2.393,0.000000,
134.000,ARRIVED,1500,4,9,12,9.983,215.384,2.535,1.000,0.000000,
134.000,ARRIVED,1501,4,3,16,6.981,205.781,4.422,1.000,0.000000,
134.000,ARRIVED,1502,4,10,13,9.886,184.824,2.960,1.000,0.000000,
134.530,FINISHED,104,4,5,6,3.081,79.710,3.214,1.000,0.000000,
134.530,STARTED,105,4,8,18,7.992,75.122,2.291,1.745,0.000000,observed_rate=5.000
134.530,OFFLOADED,116,4,8,4,5.407,34.475,5.314,1.000,0.000000,trigger=REACTIVE;observed_rate=5.000;smoothed_rate=3.423;predicted_queue=509.000;deadline_risk=false;decision_score=0.000000;offload_count=1;destination_node=-1;destination_policy=DROP
134.530,OFFLOADED,117,4,8,4,7.950,81.190,6.554,1.000,0.000000,trigger=REACTIVE;observed_rate=5.000;smoothed_rate=3.423;predicted_queue=509.000;deadline_risk=false;decision_score=0.000000;offload_count=1;destination_node=-1;destination_policy=DROP
134.530,OFFLOADED,118,4,5,12,1.189,31.482,3.495,1.815,0.000000,trigger=REACTIVE;observed_rate=5.000;smoothed_rate=3.423;predicted_queue=509.000;deadline_risk=false;decision_score=0.000000;offload_count=1;destination_node=-1;destination_policy=DROP
134.530,OFFLOADED,119,4,5,19,4.553,65.476,2.167,1.000,0.000000,trigger=REACTIVE;observed_rate=5.000;smoothed_rate=3.423;predicted_queue=509.000;deadline_risk=false;decision_score=0.000000;offload_count=1;destination_node=-1;destination_policy=DROP
134.530,OFFLOADED,124,4,3,16,8.343,130.476,5.591,1.000,0.000000,trigger=REACTIVE;observed_rate=5.000;smoothed_rate=3.423;predicted_queue=509.000;deadline_risk=false;decision_score=0.000000;offload_count=1;destination_node=-1;destination_policy=DROP
135.000,ARRIVED,1503,1,6,14,2.820,186.931,2.053,1.000,0.000000,
135.000,ARRIVED,1504,1,6,16,8.794,201.128,7.337,1.000,0.000000,
135.000,ARRIVED,1505,3,10,10,8.923,204.375,2.815,1.000,0.000000,
135.000,ARRIVED,1506,3,3,1,5.744,188.444,6.088,1.000,0.000000,
135.000,ARRIVED,1507,3,1,12,1.925,229.817,6.227,1.000,0.000000,
135.000,ARRIVED,1508,4,8,15,5.830,251.464,7.345,1.000,0.000000,
135.000,ARRIVED,1509,4,1,10,6.894,243.943,7.707,1.000,0.000000,
135.000,ARRIVED,1510,4,3,12,9.645,226.547,3.319,2.547,0.000000,
135.000,ARRIVED,1511,4,1,19,4.781,220.805,7.106,1.000,0.000000,
135.000,ARRIVED,1512,4,10,13,7.447,169.365,6.672,1.000,0.000000,
135.099,FINISHED,141,3,8,14,4.732,47.983,6.951,1.512,0.000000,
135.099,STARTED,142,3,7,19,3.756,54.828,5.187,1.000,0.000000,observed_rate=3.000
136.000,ARRIVED,1513,0,3,12,5.362,237.912,7.494,1.000,0.000000,
136.000,ARRIVED,1514,0,8,12,8.710,163.624,2.187,1.000,0.000000,
136.000,ARRIVED,1515,1,7,9,7.766,247.877,5.946,1.789,0.000000,
136.000,ARRIVED,1516,1,9,4,5.439,162.214,2.920,1.000,0.000000,
136.000,ARRIVED,1517,2,6,11,2.990,171.487,4.777,1.000,0.000000,
136.000,ARRIVED,1518,2,10,8,3.853,156.407,4.709,1.000,0.000000,
136.136,FINISHED,229,2,10,12,7.838,93.012,2.277,1.000,0.000000,
136.136,STARTED,237,2,10,13,8.994,56.535,3.904,1.000,0.000000,observed_rate=2.000
136.187,FINISHED,190,0,6,2,6.798,53.294,6.526,1.000,0.000000,
136.187,STARTED,201,0,5,17,8.162,64.480,2.518,1.000,0.000000,observed_rate=2.000
137.000,ARRIVED,1519,0,6,12,7.538,165.106,2.842,1.000,0.000000,
137.000,ARRIVED,1520,1,9,1,3.639,195.549,3.874,1.000,0.000000,
137.000,ARRIVED,1521,2,3,16,4.066,220.820,5.310,1.000,0.000000,
137.000,ARRIVED,1522,2,1,17,1.101,179.260,4.444,1.000,0.000000,
137.000,ARRIVED,1523,2,6,6,8.411,219.594,6.621,1.000,0.000000,
137.000,ARRIVED,1524,4,2,11,1.289,173.389,7.377,1.000,0.000000,
137.000,ARRIVED,1525,4,9,12,7.663,164.148,4.602,1.000,0.000000,
137.000,ARRIVED,1526,4,6,16,8.819,195.721,2.347,1.000,0.000000,
138.000,ARRIVED,1527,2,10,4,6.168,203.911,5.329,1.000,0.000000,
138.000,ARRIVED,1528,2,1,9,5.528,225.286,4.946,1.000,0.000000,
138.000,ARRIVED,1529,2,5,2,8.637,213.355,4.686,1.000,0.000000,
138.000,ARRIVED,1530,2,5,13,5.869,216.838,7.618,1.000,0.000000,
138.000,ARRIVED,1531,2,9,20,4.181,239.039,7.576,1.000,0.000000,
138.000,ARRIVED,1532,3,6,2,6.089,180.583,5.186,1.000,0.000000,
138.000,ARRIVED,1533,3,5,19,8.975,194.470,3.022,1.000,0.000000,
138.000,ARRIVED,1534,3,10,2,4.593,190.998,2.853,1.000,0.000000,
138.000,ARRIVED,1535,3,6,16,7.592,179.310,7.791,1.000,0.000000,
138.000,ARRIVED,1536,4,8,12,5.581,254.748,5.349,1.000,0.000000,
138.528,FINISHED,105,4,8,18,7.992,75.122,2.291,1.745,0.000000,
138.528,STARTED,130,4,1,10,9.259,37.626,4.131,2.691,0.000000,observed_rate=1.000
138.705,FINISHED,201,0,5,17,8.162,64.480,2.518,1.000,0.000000,
138.705,STARTED,226,0,5,7,9.511,81.857,4.245,1.000,0.000000,observed_rate=0.000
139.000,ARRIVED,1537,1,10,10,6.920,245.749,6.291,1.000,0.000000,
139.000,ARRIVED,1538,2,5,8,1.936,247.321,6.445,1.000,0.000000,
139.000,ARRIVED,1539,2,8,20,6.276,181.846,7.929,1.000,0.000000,
139.000,ARRIVED,1540,3,1,12,2.489,162.570,3.726,1.000,0.000000,
139.000,ARRIVED,1541,3,6,1,4.030,184.054,3.535,1.000,0.000000,
139.000,ARRIVED,1542,3,4,10,1.764,168.154,6.705,1.000,0.000000,
139.000,ARRIVED,1543,4,8,18,2.328,198.350,7.198,2.656,0.000000,
139.000,ARRIVED,1544,4,5,10,9.064,169.763,5.423,1.000,0.000000,
139.000,ARRIVED,1545,4,6,11,7.358,229.139,7.274,1.000,0.000000,
139.000,ARRIVED,1546,4,3,8,4.365,257.880,4.716,1.000,0.000000,
140.000,ARRIVED,1547,0,2,11,2.074,174.776,4.583,1.000,0.000000,
140.000,ARRIVED,1548,0,1,6,7.386,245.016,4.595,1.000,0.000000,
140.000,ARRIVED,1549,1,6,4,9.919,183.651,5.896,1.000,0.000000,
140.000,ARRIVED,1550,1,5,6,3.995,257.430,5.456,2.473,0.000000,
140.000,ARRIVED,1551,1,2,12,4.449,194.658,6.267,2.036,0.000000,
140.000,ARRIVED,1552,2,10,20,1.198,206.279,3.678,1.000,0.000000,
140.000,ARRIVED,1553,2,7,5,9.742,185.314,5.133,1.000,0.000000,
140.000,ARRIVED,1554,3,7,6,2.019,235.577,5.840,1.000,0.000000,
140.000,ARRIVED,1555,3,10,4,4.980,173.139,7.902,2.056,0.000000,
140.000,ARRIVED,1556,3,2,17,7.382,176.480,4.077,1.000,0.000000,
140.000,ARRIVED,1557,4,1,12,6.851,228.142,3.398,1.000,0.000000,
140.000,ARRIVED,1558,4,4,2,1.999,240.472,4.778,1.000,0.000000,
140.000,ARRIVED,1559,4,8,9,4.385,182.548,4.007,1.000,0.000000,
140.000,ARRIVED,1560,4,8,20,5.101,258.750,2.519,2.999,0.000000,
140.000,ARRIVED,1561,4,2,17,2.789,257.759,7.806,1.820,0.000000,
140.000,ARRIVED,1562,4,9,20,4.310,190.755,4.416,1.000,0.000000,
140.039,FINISHED,237,2,10,13,8.994,56.535,3.904,1.000,0.000000,
140.039,STARTED,238,2,8,11,2.092,96.428,5.451,1.000,0.000000,observed_rate=2.000
140.287,FINISHED,142,3,7,19,3.756,54.828,5.187,1.000,0.000000,
140.287,STARTED,149,3,2,10,2.246,131.051,2.698,1.000,0.000000,observed_rate=3.000
141.000,ARRIVED,1563,0,5,10,7.683,190.641,6.492,1.000,0.000000,
141.000,ARRIVED,1564,1,4,16,9.178,169.009,6.172,1.000,0.000000,
141.000,ARRIVED,1565,1,10,17,1.087,255.346,2.057,1.678,0.000000,
141.000,ARRIVED,1566,1,7,14,2.913,164.646,2.594,1.000,0.000000,
141.000,ARRIVED,1567,2,10,2,5.887,236.639,7.996,1.000,0.000000,
141.000,ARRIVED,1568,2,7,15,8.884,194.963,5.111,1.000,0.000000,
141.000,ARRIVED,1569,3,5,20,3.245,218.240,5.621,1.000,0.000000,
141.000,ARRIVED,1570,3,6,4,1.936,172.030,4.575,1.000,0.000000,
141.000,ARRIVED,1571,3,2,11,4.583,239.199,5.777,1.000,0.000000,
141.000,ARRIVED,1572,3,10,19,2.160,172.407,4.475,2.348,0.000000,
141.000,ARRIVED,1573,3,10,3,7.196,221.258,4.975,1.000,0.000000,
141.000,ARRIVED,1574,4,5,17,6.708,163.154,7.219,1.000,0.000000,
141.000,ARRIVED,1575,4,3,5,9.826,210.020,4.853,1.000,0.000000,
141.000,ARRIVED,1576,4,7,16,7.268,201.376,2.956,1.000,0.000000,
141.000,ARRIVED,1577,4,9,1,5.684,254.556,5.399,1.000,0.000000,
141.000,ARRIVED,1578,4,9,1,6.462,207.234,7.330,1.935,0.000000,
142.000,ARRIVED,1579,1,1,4,3.420,201.897,7.457,1.000,0.000000,
142.000,ARRIVED,1580,1,1,11,1.641,197.636,4.436,1.000,0.000000,
142.000,ARRIVED,1581,2,7,6,6.159,167.399,4.082,1.000,0.000000,
142.000,ARRIVED,1582,2,7,11,1.363,251.263,5.325,1.000,0.000000,
142.000,ARRIVED,1583,2,4,16,6.242,225.824,5.083,2.080,0.000000,
142.000,ARRIVED,1584,2,5,13,2.367,210.102,4.303,1.000,0.000000,
142.000,ARRIVED,1585,2,8,5,7.467,175.393,3.319,1.000,0.000000,
142.000,ARRIVED,1586,2,5,15,8.973,254.032,2.160,1.000,0.000000,
142.000,ARRIVED,1587,2,5,14,9.322,200.409,3.104,1.000,0.000000,
142.000,ARRIVED,1588,3,5,3,9.018,190.181,3.417,2.325,0.000000,
142.000,ARRIVED,1589,3,3,20,2.592,188.798,3.490,1.000,0.000000,
142.000,ARRIVED,1590,3,6,8,3.287,254.517,6.515,1.000,0.000000,
142.000,ARRIVED,1591,3,9,2,9.612,186.742,5.544,1.000,0.000000,
142.000,ARRIVED,1592,3,4,7,7.028,197.893,6.353,1.000,0.000000,
142.000,ARRIVED,1593,3,7,9,3.855,217.247,5.933,1.000,0.000000,
142.000,ARRIVED,1594,3,7,15,9.427,246.568,2.731,1.000,0.000000,
142.000,ARRIVED,1595,4,5,20,1.686,200.158,2.315,1.000,0.000000,
142.000,ARRIVED,1596,4,3,13,1.487,245.477,6.748,1.698,0.000000,
142.000,ARRIVED,1597,4,9,6,4.450,242.934,5.559,1.000,0.000000,
142.000,ARRIVED,1598,4,6,1,9.455,248.030,4.463,1.000,0.000000,
142.950,FINISHED,226,0,5,7,9.511,81.857,4.245,1.000,0.000000,
142.950,STARTED,234,0,6,6,1.004,68.105,2.928,1.989,0.000000,observed_rate=0.000
142.985,FINISHED,149,3,2,10,2.246,131.051,2.698,1.000,0.000000,
142.985,STARTED,150,3,7,20,5.128,113.784,4.723,1.967,0.000000,observed_rate=7.000
142.985,OFFLOADED,160,3,7,2,9.958,133.228,5.005,1.772,0.000000,trigger=REACTIVE;observed_rate=7.000;smoothed_rate=4.406;predicted_queue=369.000;deadline_risk=false;decision_score=0.000000;offload_count=1;destination_node=-1;destination_policy=DROP
142.985,OFFLOADED,161,3,7,20,3.183,65.995,2.473,1.819,0.000000,trigger=REACTIVE;observed_rate=7.000;smoothed_rate=4.406;predicted_queue=369.000;deadline_risk=false;decision_score=0.000000;offload_count=1;destination_node=-1;destination_policy=DROP
142.985,OFFLOADED,162,3,6,5,8.076,60.072,2.817,1.000,0.000000,trigger=REACTIVE;observed_rate=7.000;smoothed_rate=4.406;predicted_queue=369.000;deadline_risk=false;decision_score=0.000000;offload_count=1;destination_node=-1;destination_policy=DROP
142.985,OFFLOADED,163,3,3,18,1.399,60.796,6.809,1.000,0.000000,trigger=REACTIVE;observed_rate=7.000;smoothed_rate=4.406;predicted_queue=369.000;deadline_risk=false;decision_score=0.000000;offload_count=1;destination_node=-1;destination_policy=DROP
142.985,OFFLOADED,164,3,2,1,3.572,64.636,3.359,1.000,0.000000,trigger=REACTIVE;observed_rate=7.000;smoothed_rate=4.406;predicted_queue=369.000;deadline_risk=false;decision_score=0.000000;offload_count=1;destination_node=-1;destination_policy=DROP
143.000,ARRIVED,1599,0,1,1,5.849,209.833,5.917,1.000,0.000000,
143.000,ARRIVED,1600,0,2,8,2.198,252.018,4.755,1.000,0.000000,
143.000,ARRIVED,1601,1,1,8,6.565,223.247,5.220,2.207,0.000000,
143.000,ARRIVED,1602,1,1,4,9.245,248.774,5.993,1.000,0.000000,
143.000,ARRIVED,1603,1,2,11,2.073,228.822,7.678,1.000,0.000000,
143.000,ARRIVED,1604,2,8,19,5.809,231.753,7.695,2.391,0.000000,
143.000,ARRIVED,1605,2,7,5,9.312,197.422,7.102,1.000,0.000000,
143.000,ARRIVED,1606,2,4,5,7.607,261.813,3.916,2.427,0.000000,
143.000,ARRIVED,1607,2,9,17,5.363,182.983,4.213,2.666,0.000000,
143.000,ARRIVED,1608,2,9,5,5.182,236.919,7.152,1.000,0.000000,
143.000,ARRIVED,1609,3,7,12,8.312,218.954,4.555,1.000,0.000000,
143.000,ARRIVED,1610,3,1,11,2.065,169.759,7.113,1.000,0.000000,
143.000,ARRIVED,1611,4,2,11,2.829,185.109,4.028,1.000,0.000000,
143.000,ARRIVED,1612,4,10,6,2.426,223.145,4.635,1.000,0.000000,
144.000,ARRIVED,1613,1,1,3,4.425,263.113,4.642,1.000,0.000000,
144.000,ARRIVED,1614,1,3,11,7.055,188.395,2.283,2.095,0.000000,
144.000,ARRIVED,1615,1,6,5,5.160,169.052,3.587,2.634,0.000000,
144.000,ARRIVED,1616,2,10,15,5.448,209.032,4.310,1.000,0.000000,
144.000,ARRIVED,1617,2,2,15,7.991,191.507,3.163,1.000,0.000000,
144.000,ARRIVED,1618,3,2,4,6.694,229.696,6.721,1.000,0.000000,
144.000,ARRIVED,1619,3,1,12,9.445,210.995,4.180,2.732,0.000000,
144.000,ARRIVED,1620,4,8,13,7.245,236.859,5.492,1.000,0.000000,
144.000,ARRIVED,1621,4,10,9,9.486,185.237,4.557,1.000,0.000000,
144.000,ARRIVED,1622,4,10,18,7.637,258.042,4.863,1.000,0.000000,
145.000,ARRIVED,1623,0,7,6,5.704,207.974,5.440,1.000,0.000000,
145.000,ARRIVED,1624,0,2,20,2.156,203.312,7.855,1.889,0.000000,
145.000,ARRIVED,1625,2,10,18,5.744,210.433,2.476,1.000,0.000000,
145.000,ARRIVED,1626,3,9,20,1.856,204.101,3.300,1.000,0.000000,
145.000,ARRIVED,1627,3,6,4,2.060,246.002,2.575,2.309,0.000000,
145.000,ARRIVED,1628,3,9,10,7.895,261.311,4.128,1.000,0.000000,
145.000,ARRIVED,1629,3,7,7,2.857,175.294,2.386,1.968,0.000000,
145.000,ARRIVED,1630,4,6,18,4.567,228.829,2.183,1.000,0.000000,
145.000,ARRIVED,1631,4,5,12,1.388,202.403,5.327,1.000,0.000000,
145.000,ARRIVED,1632,4,6,16,2.493,235.555,5.775,1.000,0.000000,
145.000,ARRIVED,1633,4,2,17,2.755,181.538,3.453,1.000,0.000000,
145.490,FINISHED,238,2,8,11,2.092,96.428,5.451,1.000,0.000000,
145.490,STARTED,239,2,10,4,1.259,105.020,5.480,1.000,0.000000,observed_rate=1.000
146.000,ARRIVED,1634,1,3,4,5.425,180.728,6.884,1.000,0.000000,
146.000,ARRIVED,1635,1,1,20,7.466,183.407,5.532,1.000,0.000000,
146.000,ARRIVED,1636,3,2,1,6.810,243.780,3.558,2.295,0.000000,
146.000,ARRIVED,1637,3,7,9,7.830,174.350,5.583,2.285,0.000000,
146.000,ARRIVED,1638,4,2,13,5.826,241.891,7.231,2.180,0.000000,
146.000,ARRIVED,1639,4,8,10,4.567,236.984,3.938,1.000,0.000000,
147.000,ARRIVED,1640,0,9,1,6.261,254.543,7.837,1.000,0.000000,
147.000,ARRIVED,1641,1,9,4,7.659,230.406,2.897,1.000,0.000000,
147.000,ARRIVED,1642,1,5,6,3.250,257.920,5.471,2.924,0.000000,
147.000,ARRIVED,1643,1,6,18,5.337,257.708,2.621,1.000,0.000000,
147.000,ARRIVED,1644,2,2,17,1.579,225.693,2.038,1.000,0.000000,
147.000,ARRIVED,1645,3,5,4,4.033,263.529,5.494,1.000,0.000000,
147.000,ARRIVED,1646,4,10,3,2.113,206.299,3.997,1.000,0.000000,
147.000,ARRIVED,1647,4,3,17,5.020,192.154,3.901,1.000,0.000000,
147.000,ARRIVED,1648,4,7,17,9.225,245.599,6.744,2.852,0.000000,
147.000,ARRIVED,1649,4,7,17,5.027,266.659,5.758,1.000,0.000000,
148.000,ARRIVED,1650,0,6,11,3.804,177.073,4.536,1.000,0.000000,
148.000,ARRIVED,1651,0,2,17,5.911,187.351,5.830,1.000,0.000000,
148.000,ARRIVED,1652,0,3,8,2.176,245.118,7.773,2.474,0.000000,
148.000,ARRIVED,1653,1,5,9,5.355,199.134,6.669,1.000,0.000000,
148.000,ARRIVED,1654,2,10,4,7.489,215.828,7.076,1.000,0.000000,
148.000,ARRIVED,1655,2,1,11,9.746,260.820,5.179,1.698,0.000000,
148.000,ARRIVED,1656,2,8,9,5.690,212.332,3.176,1.000,0.000000,
148.000,ARRIVED,1657,3,2,20,4.751,174.041,3.391,2.977,0.000000,
148.000,ARRIVED,1658,3,1,20,5.453,199.404,7.790,1.961,0.000000,
148.000,ARRIVED,1659,3,10,14,5.201,262.365,5.929,1.000,0.000000,
148.000,ARRIVED,1660,3,7,7,9.601,246.124,4.854,1.000,0.000000,
148.000,ARRIVED,1661,3,5,8,4.391,240.896,2.787,1.737,0.000000,
148.000,ARRIVED,1662,4,9,18,2.291,203.827,5.013,1.000,0.000000,
148.000,ARRIVED,1663,4,2,5,1.061,247.651,5.562,1.553,0.000000,
148.000,ARRIVED,1664,4,10,16,9.173,234.681,7.770,2.682,0.000000,
148.000,ARRIVED,1665,4,10,15,1.398,177.386,3.932,1.814,0.000000,
148.000,ARRIVED,1666,4,3,2,7.511,209.502,5.428,1.000,0.000000,
148.000,ARRIVED,1667,4,8,2,8.099,185.061,5.399,1.000,0.000000,
148.775,FINISHED,234,0,6,6,1.004,68.105,2.928,1.989,0.000000,
148.775,STARTED,246,0,10,8,3.460,139.950,6.783,1.000,0.000000,observed_rate=3.000
149.000,ARRIVED,1668,0,9,2,1.121,188.786,5.313,1.000,0.000000,
149.000,ARRIVED,1669,0,8,16,9.434,218.006,6.995,1.000,0.000000,
149.000,ARRIVED,1670,2,1,16,8.857,176.565,7.440,1.000,0.000000,
149.000,ARRIVED,1671,2,8,13,6.099,249.169,5.594,1.000,0.000000,
149.000,ARRIVED,1672,2,8,15,2.708,188.496,3.253,2.008,0.000000,
149.000,ARRIVED,1673,3,9,8,5.578,213.859,4.865,1.000,0.000000,
149.000,ARRIVED,1674,3,1,1,1.068,209.439,6.680,1.000,0.000000,
149.000,ARRIVED,1675,3,2,17,3.405,193.833,2.385,1.000,0.000000,
149.000,ARRIVED,1676,3,6,4,2.884,180.195,5.552,1.000,0.000000,
149.000,ARRIVED,1677,4,9,9,6.631,249.907,3.381,1.000,0.000000,
149.000,ARRIVED,1678,4,9,4,4.494,252.328,6.031,1.664,0.000000,
149.261,FINISHED,121,1,9,8,8.310,47.415,6.551,2.714,0.000000,
149.261,STARTED,133,1,10,3,4.954,64.345,4.479,1.000,0.000000,observed_rate=0.000
149.643,FINISHED,130,4,1,10,9.259,37.626,4.131,2.691,0.000000,
149.643,STARTED,131,4,8,15,4.086,35.930,6.752,2.549,0.000000,observed_rate=2.000
150.000,ARRIVED,1679,0,4,4,5.696,217.014,3.140,1.000,0.000000,
150.000,ARRIVED,1680,0,2,4,8.411,215.738,2.110,1.000,0.000000,
150.000,ARRIVED,1681,1,4,5,3.801,184.857,4.942,1.000,0.000000,
150.000,ARRIVED,1682,2,1,19,5.679,246.473,5.547,1.588,0.000000,
150.000,ARRIVED,1683,2,10,19,6.631,257.970,5.555,1.000,0.000000,
150.000,ARRIVED,1684,2,8,8,5.258,183.118,4.503,1.000,0.000000,
150.000,ARRIVED,1685,3,1,17,2.797,185.502,5.552,1.000,0.000000,
150.000,ARRIVED,1686,3,3,9,3.206,237.905,3.881,2.843,0.000000,
150.000,ARRIVED,1687,3,5,20,8.444,265.944,4.623,1.000,0.000000,
150.000,ARRIVED,1688,3,10,19,5.979,203.117,6.271,2.627,0.000000,
150.000,ARRIVED,1689,4,5,13,2.015,194.271,7.205,2.254,0.000000,
150.000,ARRIVED,1690,4,9,17,5.151,216.528,2.791,1.000,0.000000,
150.970,FINISHED,239,2,10,4,1.259,105.020,5.480,1.000,0.000000,
150.970,STARTED,240,2,6,6,1.093,130.173,4.436,1.000,0.000000,observed_rate=3.000
151.000,ARRIVED,1691,0,6,13,1.894,196.133,2.743,1.000,0.000000,
151.000,ARRIVED,1692,1,1,4,9.745,196.609,2.905,1.911,0.000000,
151.000,ARRIVED,1693,1,5,2,8.830,221.097,2.264,1.000,0.000000,
151.000,ARRIVED,1694,1,1,11,7.533,185.393,4.992,1.000,0.000000,
151.000,ARRIVED,1695,2,1,17,8.675,185.067,7.024,1.883,0.000000,
151.000,ARRIVED,1696,2,10,7,3.668,192.996,7.392,1.000,0.000000,
151.000,ARRIVED,1697,2,10,6,6.737,217.275,5.888,1.000,0.000000,
151.000,ARRIVED,1698,2,9,13,4.943,177.154,7.599,1.000,0.000000,
151.000,ARRIVED,1699,3,4,8,3.975,210.887,2.663,1.000,0.000000,
151.000,ARRIVED,1700,3,6,18,7.604,237.639,3.649,1.000,0.000000,
151.000,ARRIVED,1701,3,6,1,8.979,222.086,6.181,1.708,0.000000,
151.000,ARRIVED,1702,3,5,15,5.766,197.760,4.318,1.000,0.000000,
151.000,ARRIVED,1703,4,1,19,9.501,257.301,7.034,1.000,0.000000,
151.000,ARRIVED,1704,4,5,6,6.881,181.047,7.942,2.629,0.000000,
151.000,ARRIVED,1705,4,7,16,3.750,260.134,7.412,1.000,0.000000,
151.000,ARRIVED,1706,4,6,9,9.756,197.970,4.294,1.000,0.000000,
151.000,ARRIVED,1707,4,9,9,8.014,193.391,3.294,1.000,0.000000,
151.000,ARRIVED,1708,4,7,15,3.685,196.864,3.010,1.548,0.000000,
151.000,ARRIVED,1709,4,2,5,4.597,197.063,4.849,1.000,0.000000,
151.000,ARRIVED,1710,4,9,15,4.152,172.039,4.502,2.457,0.000000,
152.000,ARRIVED,1711,1,3,11,1.175,179.379,4.020,2.553,0.000000,
152.000,ARRIVED,1712,2,6,11,6.657,258.211,2.025,2.762,0.000000,
152.000,ARRIVED,1713,2,8,9,5.298,233.490,4.985,2.853,0.000000,
152.000,ARRIVED,1714,3,5,20,2.533,175.620,5.089,1.000,0.000000,
152.000,ARRIVED,1715,3,2,3,8.006,192.617,4.618,1.000,0.000000,
152.000,ARRIVED,1716,3,4,19,4.352,268.792,5.464,2.811,0.000000,
152.000,ARRIVED,1717,3,2,1,5.480,176.461,6.434,1.000,0.000000,
152.000,ARRIVED,1718,4,10,2,7.759,211.916,4.053,1.000,0.000000,
152.000,ARRIVED,1719,4,7,4,4.160,228.223,2.902,1.000,0.000000,
152.273,FINISHED,150,3,7,20,5.128,113.784,4.723,1.967,0.000000,
152.273,STARTED,173,3,1,10,7.275,103.573,5.375,1.000,0.000000,observed_rate=4.000
153.000,ARRIVED,1720,0,5,17,1.090,200.556,6.752,1.000,0.000000,
153.000,ARRIVED,1721,2,8,18,3.887,184.697,6.427,1.000,0.000000,
153.000,ARRIVED,1722,2,9,15,8.389,253.735,4.303,1.000,0.000000,
153.000,ARRIVED,1723,3,7,14,5.495,182.352,7.964,1.000,0.000000,
153.000,ARRIVED,1724,3,7,12,6.280,228.312,4.633,1.000,0.000000,
153.000,ARRIVED,1725,3,7,4,2.727,260.093,4.350,1.000,0.000000,
153.000,ARRIVED,1726,3,8,14,4.164,238.317,5.549,1.000,0.000000,
153.000,ARRIVED,1727,4,9,17,2.224,260.248,2.287,2.268,0.000000,
153.000,ARRIVED,1728,4,8,5,9.178,257.132,4.978,1.000,0.000000,
153.000,ARRIVED,1729,4,6,2,6.623,249.408,7.123,2.940,0.000000,
153.000,ARRIVED,1730,4,8,9,8.458,236.414,5.612,2.423,0.000000,
153.000,ARRIVED,1731,4,8,16,4.143,218.912,7.314,1.000,0.000000,
153.000,ARRIVED,1732,4,9,5,1.717,198.726,5.553,1.648,0.000000,
153.000,ARRIVED,1733,4,4,17,7.196,249.234,3.450,1.666,0.000000,
153.740,FINISHED,133,1,10,3,4.954,64.345,4.479,1.000,0.000000,
153.740,STARTED,148,1,2,14,6.713,116.641,7.481,1.000,0.000000,observed_rate=0.000
154.000,ARRIVED,1734,0,4,12,1.536,222.809,5.067,1.733,0.000000,
154.000,ARRIVED,1735,1,10,3,9.185,236.088,5.189,1.000,0.000000,
154.000,ARRIVED,1736,1,10,8,1.424,247.497,5.441,1.000,0.000000,
154.000,ARRIVED,1737,2,7,5,5.721,271.148,6.725,1.918,0.000000,
154.000,ARRIVED,1738,3,4,12,4.686,214.188,2.049,1.000,0.000000,
154.000,ARRIVED,1739,3,7,5,8.313,185.293,2.198,1.000,0.000000,
154.000,ARRIVED,1740,3,6,14,9.057,197.622,5.166,1.971,0.000000,
154.000,ARRIVED,1741,3,1,12,9.821,226.480,2.091,1.000,0.000000,
154.000,ARRIVED,1742,4,6,15,4.988,199.062,4.692,2.820,0.000000,
154.000,ARRIVED,1743,4,7,1,9.989,263.660,2.761,1.000,0.000000,
154.000,ARRIVED,1744,4,10,10,7.374,202.610,7.201,1.000,0.000000,
154.000,ARRIVED,1745,4,9,16,6.893,215.856,7.937,1.000,0.000000,
154.000,ARRIVED,1746,4,2,15,4.966,273.826,5.934,1.915,0.000000,
154.000,ARRIVED,1747,4,2,17,1.444,212.842,6.475,1.000,0.000000,
154.000,ARRIVED,1748,4,3,2,2.576,249.180,3.053,1.516,0.000000,
154.000,ARRIVED,1749,4,1,16,5.957,200.543,7.371,1.000,0.000000,
155.000,ARRIVED,1750,0,10,14,5.837,203.322,6.242,1.000,0.000000,
155.000,ARRIVED,1751,2,9,2,6.785,198.826,3.935,1.000,0.000000,
155.000,ARRIVED,1752,2,3,14,1.401,228.923,2.922,1.000,0.000000,
155.000,ARRIVED,1753,2,1,2,5.781,175.346,3.215,1.000,0.000000,
155.000,ARRIVED,1754,3,6,19,4.570,263.876,2.653,1.000,0.000000,
155.000,ARRIVED,1755,3,9,12,5.327,193.303,5.965,2.014,0.000000,
155.000,ARRIVED,1756,3,10,4,3.282,208.357,4.002,1.000,0.000000,
155.000,ARRIVED,1757,4,4,6,6.969,236.495,4.109,1.000,0.000000,
155.406,FINISHED,240,2,6,6,1.093,130.173,4.436,1.000,0.000000,
155.406,STARTED,262,2,8,1,2.669,135.522,7.534,1.000,0.000000,observed_rate=3.000
155.558,FINISHED,246,0,10,8,3.460,139.950,6.783,1.000,0.000000,
155.558,STARTED,255,0,10,6,8.852,97.529,2.722,1.000,0.000000,observed_rate=1.000
156.000,ARRIVED,1758,1,2,8,6.784,231.971,4.445,1.630,0.000000,
156.000,ARRIVED,1759,1,1,15,4.608,192.655,5.010,2.806,0.000000,
156.000,ARRIVED,1760,2,7,18,2.055,180.259,3.812,1.000,0.000000,
156.000,ARRIVED,1761,2,6,12,2.220,227.199,2.461,1.000,0.000000,
156.000,ARRIVED,1762,2,1,11,5.277,241.607,6.838,1.000,0.000000,
156.000,ARRIVED,1763,2,4,4,2.351,210.931,3.666,1.000,0.000000,
156.000,ARRIVED,1764,2,8,12,7.269,224.483,2.155,2.835,0.000000,
156.000,ARRIVED,1765,3,4,15,2.704,265.678,7.716,1.000,0.000000,
156.000,ARRIVED,1766,4,8,13,2.541,239.189,6.850,1.000,0.000000,
157.000,ARRIVED,1767,2,10,6,3.860,202.201,2.996,2.340,0.000000,
157.000,ARRIVED,1768,2,1,12,5.825,237.113,2.614,1.000,0.000000,
157.000,ARRIVED,1769,3,10,3,5.583,177.971,6.921,1.000,0.000000,
157.000,ARRIVED,1770,3,5,5,7.743,217.405,5.977,1.000,0.000000,
157.000,ARRIVED,1771,4,9,4,8.835,201.773,6.477,1.000,0.000000,
157.648,FINISHED,173,3,1,10,7.275,103.573,5.375,1.000,0.000000,
157.648,STARTED,174,3,10,14,3.420,40.946,2.773,1.000,0.000000,observed_rate=2.000
158.000,ARRIVED,1772,0,10,16,7.905,259.770,7.585,1.000,0.000000,
158.000,ARRIVED,1773,3,2,17,8.586,256.292,3.522,2.923,0.000000,
158.000,ARRIVED,1774,4,8,8,1.579,212.662,5.474,1.000,0.000000,
158.000,ARRIVED,1775,4,1,15,1.922,224.876,3.715,1.000,0.000000,
158.000,ARRIVED,1776,4,7,7,3.120,273.793,6.450,1.000,0.000000,
158.000,ARRIVED,1777,4,10,20,5.949,258.265,4.248,1.000,0.000000,
158.280,FINISHED,255,0,10,6,8.852,97.529,2.722,1.000,0.000000,
158.280,STARTED,278,0,8,19,4.499,51.661,7.100,1.000,0.000000,observed_rate=1.000
159.000,ARRIVED,1778,0,8,9,4.152,202.536,3.326,2.209,0.000000,
159.000,ARRIVED,1779,1,10,3,6.844,232.773,7.700,1.000,0.000000,
159.000,ARRIVED,1780,1,3,6,9.017,251.760,3.312,1.000,0.000000,
159.000,ARRIVED,1781,1,3,5,2.641,212.033,5.891,1.000,0.000000,
159.000,ARRIVED,1782,1,4,9,8.857,224.990,7.335,1.000,0.000000,
159.000,ARRIVED,1783,2,6,13,7.357,271.479,5.715,2.155,0.000000,
159.000,ARRIVED,1784,2,7,1,3.624,250.869,4.451,1.000,0.000000,
159.000,ARRIVED,1785,2,6,4,2.418,237.456,6.076,1.000,0.000000,
159.000,ARRIVED,1786,2,9,3,5.217,237.944,6.666,1.000,0.000000,
159.000,ARRIVED,1787,3,9,11,7.638,258.786,2.763,1.000,0.000000,
159.000,ARRIVED,1788,3,5,13,3.173,274.120,3.394,1.000,0.000000,
159.000,ARRIVED,1789,3,2,7,8.568,275.218,7.398,1.000,0.000000,
159.000,ARRIVED,1790,4,10,18,7.887,257.403,7.046,1.000,0.000000,
159.000,ARRIVED,1791,4,2,17,9.575,265.199,5.370,1.000,0.000000,
159.000,ARRIVED,1792,4,5,10,9.043,253.734,3.760,1.000,0.000000,
159.000,ARRIVED,1793,4,9,7,8.570,278.004,6.763,1.000,0.000000,
159.000,ARRIVED,1794,4,7,3,9.056,184.680,6.440,2.650,0.000000,
159.000,ARRIVED,1795,4,3,13,9.414,188.383,4.859,1.000,0.000000,
159.000,ARRIVED,1796,4,4,10,6.411,271.928,7.802,1.000,0.000000,
160.000,ARRIVED,1797,0,10,18,9.703,245.250,4.623,1.000,0.000000,
160.000,ARRIVED,1798,1,4,5,9.395,248.454,3.159,1.000,0.000000,
160.000,ARRIVED,1799,1,10,11,3.427,241.001,3.307,1.000,0.000000,
160.000,ARRIVED,1800,1,2,13,6.239,260.080,3.358,1.000,0.000000,
160.000,ARRIVED,1801,2,7,1,2.527,250.594,2.997,1.000,0.000000,
160.000,ARRIVED,1802,2,8,3,5.856,272.950,3.701,1.000,0.000000,
160.000,ARRIVED,1803,2,2,6,9.462,216.414,4.236,1.000,0.000000,
160.000,ARRIVED,1804,2,1,19,1.791,216.960,2.667,2.781,0.000000,
160.000,ARRIVED,1805,3,4,6,6.440,218.656,7.235,1.000,0.000000,
160.000,ARRIVED,1806,3,2,2,6.556,267.607,4.124,1.000,0.000000,
160.000,ARRIVED,1807,3,7,19,6.976,259.633,3.421,1.000,0.000000,
160.000,ARRIVED,1808,3,8,20,9.323,227.521,6.159,1.000,0.000000,
160.000,ARRIVED,1809,3,2,19,3.250,239.241,4.981,1.000,0.000000,
160.000,ARRIVED,1810,3,4,10,4.680,238.425,5.416,1.000,0.000000,
160.000,ARRIVED,1811,3,2,7,8.434,271.950,5.611,1.000,0.000000,
160.000,ARRIVED,1812,4,7,13,4.603,238.336,3.206,2.160,0.000000,
160.421,FINISHED,174,3,10,14,3.420,40.946,2.773,1.000,0.000000,
160.421,STARTED,182,3,6,19,7.261,60.365,7.358,1.000,0.000000,observed_rate=7.000
161.000,ARRIVED,1813,1,6,19,1.895,200.377,4.184,2.077,0.000000,
161.000,ARRIVED,1814,1,1,10,8.411,231.765,2.755,1.000,0.000000,
161.000,ARRIVED,1815,1,9,13,2.381,194.328,5.894,2.821,0.000000,
161.000,ARRIVED,1816,3,2,2,4.412,221.531,3.948,1.000,0.000000,
161.000,ARRIVED,1817,3,9,12,4.884,245.352,5.823,2.563,0.000000,
161.000,ARRIVED,1818,4,5,10,4.559,273.612,4.525,1.000,0.000000,
161.000,ARRIVED,1819,4,8,6,5.078,237.485,4.199,1.000,0.000000,
161.000,ARRIVED,1820,4,6,3,3.095,235.633,7.248,1.000,0.000000,
161.221,FINISHED,148,1,2,14,6.713,116.641,7.481,1.000,0.000000,
161.221,STARTED,155,1,7,17,6.292,109.655,6.382,2.371,0.000000,observed_rate=3.000
161.221,OFFLOADED,156,1,4,14,4.339,100.185,3.525,1.000,0.000000,trigger=REACTIVE;observed_rate=3.000;smoothed_rate=2.329;predicted_queue=228.000;deadline_risk=false;decision_score=0.000000;offload_count=1;destination_node=-1;destination_policy=DROP
161.221,OFFLOADED,157,1,9,7,6.095,119.082,6.227,1.919,0.000000,trigger=REACTIVE;observed_rate=3.000;smoothed_rate=2.329;predicted_queue=228.000;deadline_risk=false;decision_score=0.000000;offload_count=1;destination_node=-1;destination_policy=DROP
161.221,OFFLOADED,170,1,10,4,6.701,128.327,5.780,1.000,0.000000,trigger=REACTIVE;observed_rate=3.000;smoothed_rate=2.329;predicted_queue=228.000;deadline_risk=false;decision_score=0.000000;offload_count=1;destination_node=-1;destination_policy=DROP
161.221,OFFLOADED,171,1,2,16,3.067,85.023,2.359,1.000,0.000000,trigger=REACTIVE;observed_rate=3.000;smoothed_rate=2.329;predicted_queue=228.000;deadline_risk=false;decision_score=0.000000;offload_count=1;destination_node=-1;destination_policy=DROP
161.221,OFFLOADED,178,1,5,15,9.114,100.679,6.593,1.000,0.000000,trigger=REACTIVE;observed_rate=3.000;smoothed_rate=2.329;predicted_queue=228.000;deadline_risk=false;decision_score=0.000000;offload_count=1;destination_node=-1;destination_policy=DROP
162.000,ARRIVED,1821,4,8,5,2.489,223.827,3.673,1.546,0.000000,
162.000,ARRIVED,1822,4,3,10,4.406,272.765,5.855,2.057,0.000000,
162.000,ARRIVED,1823,4,1,6,8.123,218.422,6.849,1.000,0.000000,
162.000,ARRIVED,1824,4,6,12,6.131,256.412,3.146,1.000,0.000000,
162.000,ARRIVED,1825,4,3,11,1.958,248.294,3.845,2.919,0.000000,
162.940,FINISHED,262,2,8,1,2.669,135.522,7.534,1.000,0.000000,
162.940,STARTED,263,2,1,2,4.446,131.550,3.764,1.000,0.000000,observed_rate=0.000
163.000,ARRIVED,1826,0,2,12,5.945,191.692,3.436,1.000,0.000000,
163.000,ARRIVED,1827,1,6,18,3.970,272.449,2.634,1.000,0.000000,
163.000,ARRIVED,1828,2,8,14,1.184,252.926,5.983,2.363,0.000000,
163.000,ARRIVED,1829,2,10,19,9.979,242.304,5.078,1.000,0.000000,
163.000,ARRIVED,1830,3,2,12,4.569,227.363,4.176,1.000,0.000000,
163.000,ARRIVED,1831,3,4,1,5.843,249.012,3.992,1.000,0.000000,
163.000,ARRIVED,1832,3,4,7,8.160,200.689,7.975,1.724,0.000000,
163.000,ARRIVED,1833,3,10,1,7.293,279.926,2.680,1.000,0.000000,
163.000,ARRIVED,1834,4,6,6,8.536,281.341,6.244,1.000,0.000000,
163.000,ARRIVED,1835,4,9,15,5.384,237.269,7.587,1.000,0.000000,
163.000,ARRIVED,1836,4,2,16,1.678,256.543,7.617,1.000,0.000000,
163.000,ARRIVED,1837,4,2,3,7.475,218.940,4.921,2.047,0.000000,
163.000,ARRIVED,1838,4,4,12,5.419,242.298,5.379,2.336,0.000000,
164.000,ARRIVED,1839,1,6,9,4.128,261.518,5.733,1.000,0.000000,
164.000,ARRIVED,1840,2,8,17,1.405,267.223,7.685,1.000,0.000000,
164.000,ARRIVED,1841,2,6,20,9.353,278.131,5.872,2.307,0.000000,
164.000,ARRIVED,1842,2,3,7,9.536,185.886,3.931,1.766,0.000000,
164.000,ARRIVED,1843,3,1,3,8.901,203.467,6.773,1.000,0.000000,
164.000,ARRIVED,1844,3,5,3,9.853,232.159,5.574,1.000,0.000000,
164.000,ARRIVED,1845,3,4,10,8.702,234.861,4.667,1.000,0.000000,
164.000,ARRIVED,1846,3,8,15,1.316,241.803,5.157,1.000,0.000000,
164.000,ARRIVED,1847,4,5,2,8.191,229.103,5.648,1.000,0.000000,
164.000,ARRIVED,1848,4,5,13,3.181,259.210,3.417,1.000,0.000000,
164.000,ARRIVED,1849,4,6,18,7.067,245.035,5.449,1.000,0.000000,
164.000,ARRIVED,1850,4,1,6,7.178,248.743,7.482,1.000,0.000000,
165.000,ARRIVED,1851,0,9,16,2.353,224.874,7.594,1.000,0.000000,
165.000,ARRIVED,1852,0,5,14,1.987,248.534,2.688,1.000,0.000000,
165.000,ARRIVED,1853,2,8,8,2.011,247.090,7.596,1.000,0.000000,
165.000,ARRIVED,1854,2,6,6,8.386,236.103,5.824,1.000,0.000000,
165.000,ARRIVED,1855,2,2,20,9.277,206.367,3.402,1.000,0.000000,
165.000,ARRIVED,1856,2,1,15,1.837,224.584,3.995,1.000,0.000000,
165.000,ARRIVED,1857,3,8,11,8.376,198.629,5.452,1.000,0.000000,
165.000,ARRIVED,1858,3,8,6,5.588,196.440,4.702,1.000,0.000000,
165.000,ARRIVED,1859,4,10,1,3.637,189.389,2.526,1.000,0.000000,
165.000,ARRIVED,1860,4,3,8,5.861,230.659,3.862,1.000,0.000000,
165.000,ARRIVED,1861,4,9,3,8.250,256.669,4.029,1.000,0.000000,
165.000,ARRIVED,1862,4,5,20,5.515,238.718,4.867,1.000,0.000000,
165.000,ARRIVED,1863,4,3,3,4.595,246.398,5.094,1.000,0.000000,
165.000,ARRIVED,1864,4,8,6,2.825,256.338,7.326,1.000,0.000000,
165.000,ARRIVED,1865,4,8,7,9.793,243.548,6.429,1.000,0.000000,
165.000,ARRIVED,1866,4,1,11,8.298,225.950,5.567,1.000,0.000000,
165.000,ARRIVED,1867,4,9,9,9.812,260.878,4.330,1.000,0.000000,
165.380,FINISHED,278,0,8,19,4.499,51.661,7.100,1.000,0.000000,
165.380,STARTED,290,0,2,17,1.997,79.529,2.577,1.000,0.000000,observed_rate=2.000
166.000,ARRIVED,1868,1,9,7,9.774,259.823,2.950,1.000,0.000000,
166.000,ARRIVED,1869,2,3,7,4.778,233.832,5.531,1.000,0.000000,
166.000,ARRIVED,1870,2,8,6,2.444,284.325,4.264,2.855,0.000000,
166.000,ARRIVED,1871,2,8,2,4.367,189.967,7.442,1.000,0.000000,
166.000,ARRIVED,1872,2,8,14,8.704,229.711,7.542,1.000,0.000000,
166.000,ARRIVED,1873,2,6,7,4.619,240.497,7.539,1.000,0.000000,
166.000,ARRIVED,1874,2,7,9,6.926,246.402,4.071,2.083,0.000000,
166.000,ARRIVED,1875,3,5,15,3.735,243.881,4.186,1.000,0.000000,
166.000,ARRIVED,1876,3,7,20,6.444,210.506,3.786,1.000,0.000000,
166.000,ARRIVED,1877,3,2,15,4.427,211.416,2.562,1.871,0.000000,
166.000,ARRIVED,1878,3,3,18,5.698,202.827,5.346,1.000,0.000000,
166.000,ARRIVED,1879,3,7,11,8.038,208.563,2.082,2.419,0.000000,
166.000,ARRIVED,1880,4,3,9,8.346,281.501,4.217,1.000,0.000000,
166.000,ARRIVED,1881,4,4,11,8.441,214.070,4.258,1.000,0.000000,
166.000,ARRIVED,1882,4,9,9,8.312,263.203,6.160,1.000,0.000000,
166.000,ARRIVED,1883,4,7,2,4.512,201.822,2.320,1.000,0.000000,
166.000,ARRIVED,1884,4,10,15,6.649,188.006,7.726,1.000,0.000000,
166.703,FINISHED,263,2,1,2,4.446,131.550,3.764,1.000,0.000000,
166.703,STARTED,264,2,6,13,6.469,117.871,7.253,1.000,0.000000,observed_rate=6.000
166.856,FINISHED,131,4,8,15,4.086,35.930,6.752,2.549,0.000000,
166.856,STARTED,143,4,1,5,4.150,87.277,6.058,1.000,0.000000,observed_rate=5.000
167.000,ARRIVED,1885,0,9,1,8.021,199.529,7.641,2.379,0.000000,
167.000,ARRIVED,1886,0,1,9,3.829,207.835,7.240,1.000,0.000000,
167.000,ARRIVED,1887,1,6,8,3.409,278.758,7.332,1.000,0.000000,
167.000,ARRIVED,1888,1,4,6,7.073,189.750,5.574,1.000,0.000000,
167.000,ARRIVED,1889,2,8,9,6.380,277.805,2.937,1.000,0.000000,
167.000,ARRIVED,1890,2,4,5,4.742,200.767,7.238,1.000,0.000000,
167.000,ARRIVED,1891,2,6,1,9.416,247.754,4.846,2.375,0.000000,
167.000,ARRIVED,1892,3,9,19,3.612,243.647,7.677,1.000,0.000000,
167.000,ARRIVED,1893,3,1,4,6.919,255.174,6.498,1.000,0.000000,
167.000,ARRIVED,1894,3,5,2,8.333,271.042,4.149,1.000,0.000000,
167.000,ARRIVED,1895,4,6,2,2.175,266.622,3.272,1.000,0.000000,
167.000,ARRIVED,1896,4,10,18,2.709,237.010,4.647,1.000,0.000000,
167.000,ARRIVED,1897,4,8,13,8.148,190.838,3.647,1.000,0.000000,
167.000,ARRIVED,1898,4,7,20,7.056,278.340,4.960,1.000,0.000000,
167.779,FINISHED,182,3,6,19,7.261,60.365,7.358,1.000,0.000000,
167.779,STARTED,183,3,8,5,3.913,68.691,2.357,1.571,0.000000,observed_rate=3.000
167.779,OFFLOADED,192,3,10,13,8.328,130.214,6.226,1.000,0.000000,trigger=REACTIVE;observed_rate=3.000;smoothed_rate=3.324;predicted_queue=437.000;deadline_risk=false;decision_score=0.000000;offload_count=1;destination_node=-1;destination_policy=DROP
167.779,OFFLOADED,193,3,2,20,3.945,118.828,5.959,1.000,0.000000,trigger=REACTIVE;observed_rate=3.000;smoothed_rate=3.324;predicted_queue=437.000;deadline_risk=false;decision_score=0.000000;offload_count=1;destination_node=-1;destination_policy=DROP
167.779,OFFLOADED,194,3,2,12,4.849,57.318,3.411,1.000,0.000000,trigger=REACTIVE;observed_rate=3.000;smoothed_rate=3.324;predicted_queue=437.000;deadline_risk=false;decision_score=0.000000;offload_count=1;destination_node=-1;destination_policy=DROP
167.779,OFFLOADED,195,3,10,15,5.171,70.557,3.477,1.000,0.000000,trigger=REACTIVE;observed_rate=3.000;smoothed_rate=3.324;predicted_queue=437.000;deadline_risk=false;decision_score=0.000000;offload_count=1;destination_node=-1;destination_policy=DROP
167.779,OFFLOADED,206,3,10,16,3.812,113.976,6.276,1.000,0.000000,trigger=REACTIVE;observed_rate=3.000;smoothed_rate=3.324;predicted_queue=437.000;deadline_risk=false;decision_score=0.000000;offload_count=1;destination_node=-1;destination_policy=DROP
167.957,FINISHED,290,0,2,17,1.997,79.529,2.577,1.000,0.000000,
167.957,STARTED,306,0,3,8,9.358,77.236,6.748,1.000,0.000000,observed_rate=2.000
168.000,ARRIVED,1899,0,5,12,8.973,255.566,5.360,1.000,0.000000,
168.000,ARRIVED,1900,0,3,8,1.628,280.232,3.001,2.994,0.000000,
168.000,ARRIVED,1901,0,3,1,3.494,218.711,5.674,2.152,0.000000,
168.000,ARRIVED,1902,0,7,15,8.296,266.553,3.329,2.382,0.000000,
168.000,ARRIVED,1903,1,7,18,4.901,242.521,5.710,1.000,0.000000,
168.000,ARRIVED,1904,2,1,2,3.967,248.312,4.433,1.000,0.000000,
168.000,ARRIVED,1905,2,2,20,5.729,195.275,7.788,1.000,0.000000,
168.000,ARRIVED,1906,3,3,9,1.764,284.740,7.341,1.000,0.000000,
168.000,ARRIVED,1907,3,3,1,9.467,261.787,3.250,1.000,0.000000,
168.000,ARRIVED,1908,3,7,1,1.556,257.600,3.458,1.000,0.000000,
168.000,ARRIVED,1909,3,5,5,8.869,280.496,5.575,1.000,0.000000,
168.000,ARRIVED,1910,3,1,10,3.406,212.668,2.341,2.818,0.000000,
168.000,ARRIVED,1911,4,5,18,4.437,269.824,6.013,2.350,0.000000,
168.000,ARRIVED,1912,4,3,20,3.707,235.203,5.475,1.000,0.000000,
168.000,ARRIVED,1913,4,3,11,8.928,214.342,4.464,1.000,0.000000,
168.000,ARRIVED,1914,4,7,19,4.737,220.239,2.199,1.000,0.000000,
169.000,ARRIVED,1915,0,10,15,8.796,260.687,7.774,1.000,0.000000,
169.000,ARRIVED,1916,1,6,16,1.360,250.497,3.555,1.000,0.000000,
169.000,ARRIVED,1917,2,9,8,1.472,265.393,4.843,1.000,0.000000,
169.000,ARRIVED,1918,2,7,14,4.079,246.264,3.409,1.000,0.000000,
169.000,ARRIVED,1919,4,7,14,9.516,268.812,5.417,2.055,0.000000,
169.000,ARRIVED,1920,4,5,1,6.018,214.829,7.153,1.000,0.000000,
169.000,ARRIVED,1921,4,9,9,5.515,242.021,6.415,1.000,0.000000,
170.000,ARRIVED,1922,0,10,4,4.053,233.252,4.371,1.000,0.000000,
170.000,ARRIVED,1923,1,3,4,5.407,267.357,4.546,1.000,0.000000,
170.000,ARRIVED,1924,1,4,1,7.851,217.628,5.534,2.659,0.000000,
170.000,ARRIVED,1925,1,3,7,8.722,235.790,7.714,1.000,0.000000,
170.000,ARRIVED,1926,2,2,13,3.630,231.984,7.470,1.000,0.000000,
170.000,ARRIVED,1927,2,7,11,1.713,281.263,4.650,1.000,0.000000,
170.000,ARRIVED,1928,3,7,18,8.302,285.677,4.130,2.626,0.000000,
170.000,ARRIVED,1929,3,1,3,9.840,272.753,3.505,1.000,0.000000,
170.000,ARRIVED,1930,3,6,17,4.273,198.285,3.483,1.000,0.000000,
170.000,ARRIVED,1931,4,7,3,1.856,205.315,3.301,1.000,0.000000,
170.000,ARRIVED,1932,4,1,3,3.873,212.580,6.523,2.441,0.000000,
170.000,ARRIVED,1933,4,10,16,4.782,273.998,3.589,1.730,0.000000,
171.000,ARRIVED,1934,0,7,8,1.678,270.094,4.279,1.000,0.000000,
171.000,ARRIVED,1935,0,7,10,7.394,283.139,3.925,1.000,0.000000,
171.000,ARRIVED,1936,0,6,4,9.305,244.720,4.497,2.578,0.000000,
171.000,ARRIVED,1937,0,2,1,3.705,194.576,6.102,1.718,0.000000,
171.000,ARRIVED,1938,1,10,12,1.469,265.336,2.999,1.000,0.000000,
171.000,ARRIVED,1939,1,8,2,8.475,241.737,2.655,1.000,0.000000,
171.000,ARRIVED,1940,1,9,17,2.215,192.863,4.509,1.000,0.000000,
171.000,ARRIVED,1941,1,10,4,1.930,236.443,3.544,1.000,0.000000,
171.000,ARRIVED,1942,2,7,8,6.788,224.348,7.351,1.000,0.000000,
171.000,ARRIVED,1943,2,8,3,2.098,213.093,2.185,2.168,0.000000,
171.000,ARRIVED,1944,2,8,7,5.955,275.234,7.022,1.878,0.000000,
171.000,ARRIVED,1945,3,5,12,9.923,211.295,3.427,1.773,0.000000,
171.000,ARRIVED,1946,4,9,14,8.364,194.718,7.058,1.000,0.000000,
171.000,ARRIVED,1947,4,2,9,6.802,265.258,5.603,1.000,0.000000,
171.000,ARRIVED,1948,4,5,10,5.539,259.511,4.719,1.000,0.000000,
171.000,ARRIVED,1949,4,4,11,4.427,224.398,5.129,1.000,0.000000,
171.000,ARRIVED,1950,4,1,3,6.876,259.144,7.973,1.000,0.000000,
171.481,FINISHED,183,3,8,5,3.913,68.691,2.357,1.571,0.000000,
171.481,STARTED,210,3,3,12,3.142,44.244,2.105,2.744,0.000000,observed_rate=1.000
172.000,ARRIVED,1951,0,9,1,9.332,285.803,7.807,1.000,0.000000,
172.000,ARRIVED,1952,2,8,7,7.690,205.031,4.979,1.000,0.000000,
172.000,ARRIVED,1953,2,1,16,2.257,266.856,5.717,1.000,0.000000,
172.000,ARRIVED,1954,2,1,16,3.884,242.492,5.726,1.501,0.000000,
172.000,ARRIVED,1955,3,10,17,2.661,251.028,3.267,1.000,0.000000,
172.000,ARRIVED,1956,3,2,10,3.472,287.787,2.611,1.000,0.000000,
172.000,ARRIVED,1957,3,7,17,5.068,200.983,4.200,1.000,0.000000,
172.000,ARRIVED,1958,3,6,9,8.961,207.030,3.798,2.312,0.000000,
172.000,ARRIVED,1959,4,7,19,3.144,238.045,5.388,1.000,0.000000,
172.914,FINISHED,143,4,1,5,4.150,87.277,6.058,1.000,0.000000,
172.914,STARTED,144,4,8,18,4.433,69.396,7.362,1.000,0.000000,observed_rate=1.000
173.000,ARRIVED,1960,0,5,19,9.645,220.162,7.334,1.000,0.000000,
173.000,ARRIVED,1961,0,6,20,1.208,286.349,5.591,1.000,0.000000,
173.000,ARRIVED,1962,1,7,4,5.091,216.178,4.828,2.920,0.000000,
173.000,ARRIVED,1963,1,3,14,1.984,216.504,5.103,1.000,0.000000,
173.000,ARRIVED,1964,3,7,12,1.516,254.113,3.523,1.000,0.000000,
173.000,ARRIVED,1965,3,8,14,9.501,270.395,7.710,1.000,0.000000,
173.000,ARRIVED,1966,3,9,9,7.332,200.974,4.520,2.468,0.000000,
173.000,ARRIVED,1967,3,7,9,4.347,277.458,4.149,1.000,0.000000,
173.000,ARRIVED,1968,4,3,18,5.914,200.107,3.958,1.000,0.000000,
173.000,ARRIVED,1969,4,6,5,1.594,212.082,4.868,2.974,0.000000,
173.000,ARRIVED,1970,4,3,1,9.303,269.346,2.468,1.000,0.000000,
173.000,ARRIVED,1971,4,1,6,4.489,279.142,3.766,1.627,0.000000,
173.000,ARRIVED,1972,4,6,6,9.490,246.567,7.563,1.000,0.000000,
173.000,ARRIVED,1973,4,1,4,6.328,228.732,3.961,1.665,0.000000,
173.956,FINISHED,264,2,6,13,6.469,117.871,7.253,1.000,0.000000,
173.956,STARTED,270,2,1,13,8.083,144.636,5.454,1.000,0.000000,observed_rate=0.000
174.000,ARRIVED,1974,2,1,3,7.260,222.808,2.010,1.000,0.000000,
174.000,ARRIVED,1975,3,4,2,7.770,248.502,7.841,1.000,0.000000,
174.000,ARRIVED,1976,3,10,6,1.776,205.530,2.073,1.000,0.000000,
174.000,ARRIVED,1977,3,8,6,3.129,224.675,4.305,1.000,0.000000,
174.000,ARRIVED,1978,3,9,7,6.857,253.990,4.023,1.000,0.000000,
174.000,ARRIVED,1979,4,10,13,5.000,259.669,4.683,2.736,0.000000,
174.000,ARRIVED,1980,4,9,4,9.240,242.991,3.567,2.551,0.000000,
174.000,ARRIVED,1981,4,2,6,1.311,247.230,4.335,1.000,0.000000,
174.000,ARRIVED,1982,4,2,6,1.541,252.663,6.380,1.000,0.000000,
174.000,ARRIVED,1983,4,6,17,4.121,282.424,5.071,1.000,0.000000,
174.705,FINISHED,306,0,3,8,9.358,77.236,6.748,1.000,0.000000,
174.705,STARTED,307,0,10,19,6.410,67.931,5.401,1.597,0.000000,observed_rate=0.000
175.000,ARRIVED,1984,1,1,9,7.189,237.258,5.312,1.000,0.000000,
175.000,ARRIVED,1985,1,7,12,6.114,237.562,6.557,1.000,0.000000,
175.000,ARRIVED,1986,1,3,14,5.232,207.014,7.022,1.000,0.000000,
175.000,ARRIVED,1987,1,2,15,4.342,201.545,4.583,1.906,0.000000,
175.000,ARRIVED,1988,2,5,11,9.029,215.452,6.147,1.000,0.000000,
175.000,ARRIVED,1989,3,7,11,4.692,223.476,6.483,1.000,0.000000,
175.000,ARRIVED,1990,3,1,9,5.339,294.777,6.375,1.000,0.000000,
175.000,ARRIVED,1991,3,2,7,9.790,231.793,6.992,1.000,0.000000,
175.000,ARRIVED,1992,3,9,14,8.143,206.415,4.981,1.000,0.000000,
175.000,ARRIVED,1993,4,10,2,7.785,241.713,3.595,1.000,0.000000,
175.000,ARRIVED,1994,4,8,2,5.160,232.323,5.224,1.000,0.000000,
175.000,ARRIVED,1995,4,5,16,1.878,261.949,3.722,1.000,0.000000,
175.000,ARRIVED,1996,4,6,2,7.238,200.320,4.257,1.000,0.000000,
176.000,ARRIVED,1997,1,8,4,4.293,197.465,7.978,2.614,0.000000,
176.000,ARRIVED,1998,3,6,1,3.330,218.251,4.581,1.000,0.000000,
176.000,ARRIVED,1999,3,9,9,6.851,204.702,6.126,1.000,0.000000,
176.000,ARRIVED,2000,4,8,16,9.405,223.471,5.756,2.817,0.000000,
176.000,ARRIVED,2001,4,4,5,3.650,221.814,2.375,1.000,0.000000,
176.000,ARRIVED,2002,4,3,5,5.103,207.243,3.245,1.000,0.000000,
176.000,ARRIVED,2003,4,8,12,4.726,252.088,3.076,1.000,0.000000,
176.351,FINISHED,155,1,7,17,6.292,109.655,6.382,2.371,0.000000,
176.351,STARTED,179,1,6,7,8.638,72.039,4.916,1.000,0.000000,observed_rate=1.000
177.000,ARRIVED,2004,2,10,18,8.256,217.504,2.587,1.000,0.000000,
177.000,ARRIVED,2005,2,7,7,9.706,292.301,3.655,1.000,0.000000,
177.000,ARRIVED,2006,2,2,17,3.435,254.088,7.244,1.000,0.000000,
177.000,ARRIVED,2007,2,2,6,6.416,257.050,6.484,1.715,0.000000,
177.000,ARRIVED,2008,2,3,17,2.525,247.437,2.255,1.904,0.000000,
177.000,ARRIVED,2009,3,2,2,8.252,204.743,7.626,1.000,0.000000,
177.000,ARRIVED,2010,4,4,11,9.344,285.737,5.622,1.000,0.000000,
177.000,ARRIVED,2011,4,4,2,2.670,225.212,7.491,1.000,0.000000,
177.000,ARRIVED,2012,4,8,12,3.800,274.739,2.028,1.000,0.000000,
177.000,ARRIVED,2013,4,7,15,2.571,246.495,3.051,1.000,0.000000,
177.000,ARRIVED,2014,4,3,3,8.247,222.126,6.541,1.000,0.000000,
177.258,FINISHED,210,3,3,12,3.142,44.244,2.105,2.744,0.000000,
177.258,STARTED,211,3,4,16,2.084,137.040,5.004,2.442,0.000000,observed_rate=1.000
178.000,ARRIVED,2015,0,7,11,7.015,261.302,5.617,1.000,0.000000,
178.000,ARRIVED,2016,1,3,6,9.958,243.052,4.359,2.354,0.000000,
178.000,ARRIVED,2017,1,7,16,9.801,268.576,5.485,1.000,0.000000,
178.000,ARRIVED,2018,2,4,3,1.772,222.856,3.105,2.146,0.000000,
178.000,ARRIVED,2019,3,4,14,1.293,232.869,4.865,1.000,0.000000,
178.000,ARRIVED,2020,3,3,7,7.125,294.273,3.612,1.000,0.000000,
178.000,ARRIVED,2021,3,10,8,4.480,203.643,3.132,2.606,0.000000,
178.000,ARRIVED,2022,3,4,15,9.717,268.917,6.947,1.000,0.000000,
178.000,ARRIVED,2023,4,2,15,3.770,272.954,6.127,1.000,0.000000,
178.000,ARRIVED,2024,4,9,6,4.800,239.231,2.627,1.000,0.000000,
179.000,ARRIVED,2025,1,6,20,5.652,244.881,7.560,2.557,0.000000,
179.000,ARRIVED,2026,2,5,6,7.603,271.126,4.874,1.000,0.000000,
179.000,ARRIVED,2027,2,10,14,8.963,202.916,6.496,1.000,0.000000,
179.000,ARRIVED,2028,2,3,4,6.219,214.044,2.719,1.000,0.000000,
179.000,ARRIVED,2029,2,8,9,9.407,259.443,5.293,1.900,0.000000,
179.000,ARRIVED,2030,3,7,2,9.413,277.304,2.982,2.248,0.000000,
179.000,ARRIVED,2031,4,5,9,3.019,263.176,4.069,1.000,0.000000,
179.000,ARRIVED,2032,4,3,14,6.313,234.684,3.608,1.000,0.000000,
179.000,ARRIVED,2033,4,9,7,4.923,278.197,3.141,1.000,0.000000,
179.410,FINISHED,270,2,1,13,8.083,144.636,5.454,1.000,0.000000,
179.410,STARTED,279,2,8,15,9.716,140.936,3.996,1.000,0.000000,observed_rate=4.000
180.000,ARRIVED,2034,0,3,1,1.744,236.105,6.431,1.000,0.000000,
180.000,ARRIVED,2035,1,1,7,6.203,277.690,7.570,1.000,0.000000,
180.000,ARRIVED,2036,2,5,1,2.620,226.815,3.210,2.070,0.000000,
180.000,ARRIVED,2037,2,5,4,6.347,225.663,6.381,1.000,0.000000,
180.000,ARRIVED,2038,2,2,15,1.732,298.603,7.417,2.833,0.000000,
180.000,ARRIVED,2039,2,3,16,6.990,274.091,2.824,1.000,0.000000,
180.000,ARRIVED,2040,3,6,1,6.609,247.196,3.428,2.524,0.000000,
180.000,ARRIVED,2041,3,1,9,8.513,256.923,3.395,1.000,0.000000,
180.000,ARRIVED,2042,4,1,16,6.054,222.904,4.482,1.000,0.000000,
180.000,ARRIVED,2043,4,1,5,7.588,287.829,4.094,1.000,0.000000,
180.000,ARRIVED,2044,4,8,5,9.528,283.926,5.050,1.000,0.000000,
180.000,ARRIVED,2045,4,3,14,9.948,234.948,7.121,1.000,0.000000,
180.000,ARRIVED,2046,4,5,10,4.699,266.780,2.804,2.998,0.000000,
180.276,FINISHED,144,4,8,18,4.433,69.396,7.362,1.000,0.000000,
180.276,STARTED,145,4,3,9,5.808,87.646,7.789,2.845,0.000000,observed_rate=5.000
180.276,OFFLOADED,146,4,3,13,8.807,70.367,2.820,1.000,0.000000,trigger=REACTIVE;observed_rate=5.000;smoothed_rate=3.939;predicted_queue=677.000;deadline_risk=false;decision_score=0.000000;offload_count=1;destination_node=-1;destination_policy=DROP
180.276,OFFLOADED,147,4,10,17,7.077,38.281,2.465,1.000,0.000000,trigger=REACTIVE;observed_rate=5.000;smoothed_rate=3.939;predicted_queue=677.000;deadline_risk=false;decision_score=0.000000;offload_count=1;destination_node=-1;destination_policy=DROP
180.276,OFFLOADED,151,4,4,11,5.531,124.421,7.587,1.000,0.000000,trigger=REACTIVE;observed_rate=5.000;smoothed_rate=3.939;predicted_queue=677.000;deadline_risk=false;decision_score=0.000000;offload_count=1;destination_node=-1;destination_policy=DROP
180.276,OFFLOADED,152,4,4,9,8.457,132.666,2.324,1.000,0.000000,trigger=REACTIVE;observed_rate=5.000;smoothed_rate=3.939;predicted_queue=677.000;deadline_risk=false;decision_score=0.000000;offload_count=1;destination_node=-1;destination_policy=DROP
180.276,OFFLOADED,153,4,2,19,9.709,68.408,7.246,1.000,0.000000,trigger=REACTIVE;observed_rate=5.000;smoothed_rate=3.939;predicted_queue=677.000;deadline_risk=false;decision_score=0.000000;offload_count=1;destination_node=-1;destination_policy=DROP
181.000,ARRIVED,2047,2,4,4,2.022,221.152,3.374,1.000,0.000000,
181.000,ARRIVED,2048,2,2,9,1.645,233.282,3.249,1.000,0.000000,
181.000,ARRIVED,2049,3,6,7,8.091,256.167,2.405,1.000,0.000000,
181.000,ARRIVED,2050,3,10,20,2.966,216.580,5.899,1.000,0.000000,
181.000,ARRIVED,2051,4,2,6,5.520,205.156,5.047,1.000,0.000000,
181.267,FINISHED,179,1,6,7,8.638,72.039,4.916,1.000,0.000000,
181.267,STARTED,202,1,7,4,2.866,134.963,4.450,2.523,0.000000,observed_rate=0.000
182.000,ARRIVED,2052,1,4,1,6.661,205.848,5.283,1.000,0.000000,
182.000,ARRIVED,2053,1,7,14,9.878,236.045,7.511,1.606,0.000000,
182.000,ARRIVED,2054,1,10,6,4.029,295.057,2.577,1.000,0.000000,
182.000,ARRIVED,2055,2,7,1,9.551,295.920,7.929,2.221,0.000000,
182.000,ARRIVED,2056,2,9,13,1.971,243.894,4.455,1.000,0.000000,
182.000,ARRIVED,2057,3,3,16,8.653,245.987,7.633,1.000,0.000000,
182.000,ARRIVED,2058,3,4,5,9.122,214.368,5.157,1.000,0.000000,
182.000,ARRIVED,2059,3,3,4,8.892,229.303,7.374,1.000,0.000000,
182.000,ARRIVED,2060,3,9,7,1.520,223.586,7.331,1.000,0.000000,
182.000,ARRIVED,2061,3,2,16,2.346,240.398,5.040,1.000,0.000000,
182.000,ARRIVED,2062,3,8,15,9.997,233.775,6.250,2.931,0.000000,
182.000,ARRIVED,2063,4,3,7,1.453,272.690,6.923,2.371,0.000000,
182.000,ARRIVED,2064,4,5,19,7.669,249.295,5.974,1.000,0.000000,
182.000,ARRIVED,2065,4,5,18,3.868,243.198,5.081,1.000,0.000000,
182.000,ARRIVED,2066,4,2,2,8.808,276.566,6.342,1.000,0.000000,
182.000,ARRIVED,2067,4,1,6,7.744,248.162,6.615,1.000,0.000000,
182.000,ARRIVED,2068,4,2,12,2.812,275.386,3.572,1.000,0.000000,
183.000,ARRIVED,2069,1,7,15,3.515,251.465,4.563,1.000,0.000000,
183.000,ARRIVED,2070,1,10,11,7.600,290.279,3.824,1.000,0.000000,
183.000,ARRIVED,2071,1,5,3,8.743,275.563,4.821,1.000,0.000000,
183.000,ARRIVED,2072,2,5,11,8.705,229.887,6.752,1.000,0.000000,
183.000,ARRIVED,2073,4,7,1,2.252,237.589,2.278,2.644,0.000000,
183.000,ARRIVED,2074,4,2,5,1.872,282.999,2.188,1.000,0.000000,
183.000,ARRIVED,2075,4,10,11,6.820,247.433,4.756,1.000,0.000000,
183.000,ARRIVED,2076,4,8,1,7.334,247.635,6.702,2.146,0.000000,
183.000,ARRIVED,2077,4,5,10,7.941,208.027,5.212,1.000,0.000000,
183.000,ARRIVED,2078,4,7,17,1.063,276.391,4.587,1.000,0.000000,
183.000,ARRIVED,2079,4,7,16,9.711,235.239,2.434,1.000,0.000000,
183.000,ARRIVED,2080,4,10,17,1.782,274.698,2.878,1.000,0.000000,
183.332,FINISHED,307,0,10,19,6.410,67.931,5.401,1.597,0.000000,
183.332,STARTED,320,0,9,16,5.006,121.753,7.367,1.000,0.000000,observed_rate=0.000
183.406,FINISHED,279,2,8,15,9.716,140.936,3.996,1.000,0.000000,
183.406,STARTED,280,2,6,8,1.412,94.195,2.013,1.000,0.000000,observed_rate=1.000
184.000,ARRIVED,2081,0,10,8,5.514,229.047,6.108,1.000,0.000000,
184.000,ARRIVED,2082,2,8,3,9.259,207.060,2.860,1.000,0.000000,
184.000,ARRIVED,2083,3,8,18,6.383,244.586,3.503,1.681,0.000000,
184.000,ARRIVED,2084,4,9,6,7.651,214.539,7.432,1.000,0.000000,
184.000,ARRIVED,2085,4,3,18,6.542,277.628,4.846,2.292,0.000000,
184.000,ARRIVED,2086,4,8,8,2.695,282.194,4.779,1.000,0.000000,
184.000,ARRIVED,2087,4,5,16,2.114,252.241,2.516,1.629,0.000000,
184.000,ARRIVED,2088,4,8,5,4.487,301.647,6.167,1.000,0.000000,
185.000,ARRIVED,2089,0,6,2,1.412,258.332,7.723,1.536,0.000000,
185.000,ARRIVED,2090,0,8,8,7.873,300.440,4.682,1.000,0.000000,
185.000,ARRIVED,2091,3,7,12,4.628,237.529,2.917,1.000,0.000000,
185.000,ARRIVED,2092,3,2,1,9.259,291.684,7.770,2.548,0.000000,
185.000,ARRIVED,2093,4,7,8,1.124,236.900,2.129,1.000,0.000000,
185.000,ARRIVED,2094,4,7,10,6.028,210.843,3.245,2.132,0.000000,
185.000,ARRIVED,2095,4,1,12,2.143,225.956,3.254,1.000,0.000000,
185.000,ARRIVED,2096,4,2,2,3.815,252.878,2.857,1.000,0.000000,
185.000,ARRIVED,2097,4,2,19,6.245,208.527,7.400,1.000,0.000000,
185.419,FINISHED,280,2,6,8,1.412,94.195,2.013,1.000,0.000000,
185.419,STARTED,281,2,10,20,8.114,85.797,3.249,1.000,0.000000,observed_rate=0.000
186.000,ARRIVED,2098,0,4,18,8.233,245.720,4.921,1.000,0.000000,
186.000,ARRIVED,2099,2,7,7,7.458,233.347,7.143,1.000,0.000000,
186.000,ARRIVED,2100,2,9,7,6.743,260.610,5.829,2.830,0.000000,
186.000,ARRIVED,2101,3,6,18,1.492,236.308,2.675,1.000,0.000000,
186.000,ARRIVED,2102,4,5,16,5.356,254.203,7.484,1.000,0.000000,
186.000,ARRIVED,2103,4,9,17,6.114,228.279,5.098,1.000,0.000000,
186.000,ARRIVED,2104,4,5,18,2.971,267.016,6.361,1.000,0.000000,
186.000,ARRIVED,2105,4,3,19,7.525,241.336,7.189,2.716,0.000000,
186.000,ARRIVED,2106,4,10,8,6.872,207.368,6.978,1.000,0.000000,
187.000,ARRIVED,2107,1,4,6,7.360,262.369,3.072,1.736,0.000000,
187.000,ARRIVED,2108,2,6,6,9.382,240.031,4.461,2.663,0.000000,
187.000,ARRIVED,2109,3,5,13,6.581,271.073,4.825,1.000,0.000000,
187.000,ARRIVED,2110,3,3,19,2.248,277.386,6.890,1.000,0.000000,
187.000,ARRIVED,2111,4,8,5,1.358,241.737,2.771,2.794,0.000000,
187.000,ARRIVED,2112,4,9,20,8.338,292.702,6.302,1.000,0.000000,
187.000,ARRIVED,2113,4,2,2,9.785,222.207,7.171,1.000,0.000000,
187.000,ARRIVED,2114,4,6,12,4.567,242.005,3.425,1.000,0.000000,
188.000,ARRIVED,2115,1,5,16,1.228,298.872,3.612,1.000,0.000000,
188.000,ARRIVED,2116,2,1,5,2.588,289.271,3.744,1.000,0.000000,
188.000,ARRIVED,2117,3,6,8,8.450,240.840,3.626,1.000,0.000000,
188.000,ARRIVED,2118,3,10,13,4.874,301.760,4.408,2.807,0.000000,
188.668,FINISHED,281,2,10,20,8.114,85.797,3.249,1.000,0.000000,
188.668,STARTED,282,2,4,9,7.088,145.938,6.315,1.000,0.000000,observed_rate=1.000
189.000,ARRIVED,2119,1,4,4,4.773,236.400,4.365,1.000,0.000000,
189.000,ARRIVED,2120,3,4,8,1.851,244.924,3.574,1.000,0.000000,
189.000,ARRIVED,2121,3,7,1,9.486,258.698,4.417,1.000,0.000000,
189.000,ARRIVED,2122,3,8,10,7.130,227.860,2.027,2.668,0.000000,
189.000,ARRIVED,2123,3,3,17,3.578,224.606,6.975,2.790,0.000000,
189.000,ARRIVED,2124,4,4,6,1.488,271.865,6.967,1.000,0.000000,
189.000,ARRIVED,2125,4,10,17,8.533,264.257,2.433,1.945,0.000000,
189.000,ARRIVED,2126,4,4,20,2.898,230.173,2.100,1.000,0.000000,
189.000,ARRIVED,2127,4,1,17,1.922,304.870,4.690,1.000,0.000000,
189.000,ARRIVED,2128,4,3,11,7.870,269.747,2.902,1.000,0.000000,
189.475,FINISHED,211,3,4,16,2.084,137.040,5.004,2.442,0.000000,
189.475,STARTED,212,3,8,10,9.880,48.549,5.631,1.000,0.000000,observed_rate=4.000
190.000,ARRIVED,2129,1,6,6,5.225,220.972,2.089,2.510,0.000000,
190.000,ARRIVED,2130,2,10,2,9.337,281.412,2.616,1.853,0.000000,
190.000,ARRIVED,2131,3,6,9,3.344,292.990,3.941,1.000,0.000000,
190.000,ARRIVED,2132,3,3,4,8.199,272.432,2.465,1.605,0.000000,
190.000,ARRIVED,2133,4,7,7,3.484,231.296,3.012,1.000,0.000000,
190.000,ARRIVED,2134,4,4,12,6.819,302.500,7.273,1.000,0.000000,
190.000,ARRIVED,2135,4,7,18,7.871,224.016,4.548,1.000,0.000000,
190.000,ARRIVED,2136,4,10,4,5.418,213.432,5.193,1.000,0.000000,
190.000,ARRIVED,2137,4,8,11,4.427,241.953,7.382,1.000,0.000000,
190.699,FINISHED,320,0,9,16,5.006,121.753,7.367,1.000,0.000000,
190.699,STARTED,333,0,10,10,2.343,91.466,5.310,1.000,0.000000,observed_rate=0.000
191.000,ARRIVED,2138,1,4,3,9.460,276.203,3.872,2.117,0.000000,
191.000,ARRIVED,2139,1,1,9,8.506,216.263,7.247,1.000,0.000000,
191.000,ARRIVED,2140,3,3,20,6.707,289.763,5.716,1.000,0.000000,
191.000,ARRIVED,2141,3,8,8,4.012,272.202,2.480,1.000,0.000000,
191.000,ARRIVED,2142,4,5,1,5.183,272.655,5.644,1.560,0.000000,
192.000,ARRIVED,2143,0,4,2,5.473,251.008,5.147,1.000,0.000000,
192.000,ARRIVED,2144,2,7,9,9.031,285.297,2.074,1.000,0.000000,
192.000,ARRIVED,2145,2,8,19,2.994,241.893,2.990,1.000,0.000000,
192.000,ARRIVED,2146,2,5,3,7.976,220.274,7.991,1.000,0.000000,
192.000,ARRIVED,2147,2,8,15,8.657,307.584,7.634,1.853,0.000000,
192.000,ARRIVED,2148,3,2,5,1.555,231.724,5.041,1.000,0.000000,
192.000,ARRIVED,2149,3,3,12,6.942,302.080,7.135,1.000,0.000000,
192.000,ARRIVED,2150,3,5,6,4.606,254.440,7.158,2.743,0.000000,
192.000,ARRIVED,2151,3,4,13,9.465,304.354,5.663,1.000,0.000000,
192.000,ARRIVED,2152,3,4,3,3.216,303.032,7.198,1.000,0.000000,
192.000,ARRIVED,2153,4,7,1,7.002,274.133,7.365,1.000,0.000000,
192.000,ARRIVED,2154,4,3,14,6.372,234.991,6.290,1.000,0.000000,
192.000,ARRIVED,2155,4,7,6,8.753,229.058,3.829,1.000,0.000000,
192.000,ARRIVED,2156,4,3,5,3.176,214.423,7.651,2.180,0.000000,
192.000,ARRIVED,2157,4,1,20,9.721,216.088,3.858,1.000,0.000000,
192.000,ARRIVED,2158,4,2,11,3.260,290.720,5.851,1.000,0.000000,
192.493,FINISHED,202,1,7,4,2.866,134.963,4.450,2.523,0.000000,
192.493,STARTED,208,1,2,9,9.652,50.065,4.089,2.501,0.000000,observed_rate=0.000
193.000,ARRIVED,2159,0,4,19,1.500,251.150,7.546,1.000,0.000000,
193.000,ARRIVED,2160,1,9,5,6.110,301.132,5.391,1.000,0.000000,
193.000,ARRIVED,2161,1,2,14,5.245,267.463,4.342,1.000,0.000000,
193.000,ARRIVED,2162,2,5,9,3.047,250.667,2.184,1.000,0.000000,
193.000,ARRIVED,2163,4,7,5,5.726,225.855,7.744,1.857,0.000000,
193.000,ARRIVED,2164,4,1,10,2.159,222.583,2.450,2.061,0.000000,
193.000,ARRIVED,2165,4,7,16,9.703,250.678,5.496,2.498,0.000000,
193.000,ARRIVED,2166,4,3,15,4.786,310.083,6.046,1.000,0.000000,
193.000,ARRIVED,2167,4,7,14,8.110,296.222,4.135,1.000,0.000000,
193.000,ARRIVED,2168,4,8,13,5.538,293.247,2.932,1.000,0.000000,
193.000,ARRIVED,2169,4,7,18,1.291,266.495,3.469,1.000,0.000000,
194.000,ARRIVED,2170,0,9,18,2.061,296.881,5.178,1.000,0.000000,
194.000,ARRIVED,2171,2,1,12,7.204,281.991,2.297,1.000,0.000000,
194.000,ARRIVED,2172,2,3,5,3.395,253.036,7.821,1.000,0.000000,
194.000,ARRIVED,2173,3,2,10,4.957,251.431,7.356,1.524,0.000000,
194.000,ARRIVED,2174,3,3,20,5.233,222.544,2.607,1.000,0.000000,
194.000,ARRIVED,2175,4,6,11,3.740,281.500,5.973,1.000,0.000000,
194.000,ARRIVED,2176,4,3,8,6.021,217.147,2.693,1.000,0.000000,
194.000,ARRIVED,2177,4,4,16,8.982,257.306,3.688,1.000,0.000000,
194.983,FINISHED,282,2,4,9,7.088,145.938,6.315,1.000,0.000000,
194.983,STARTED,292,2,9,8,8.781,63.644,7.485,2.775,0.000000,observed_rate=2.000
195.000,ARRIVED,2178,0,5,18,3.351,227.574,3.339,1.000,0.000000,
195.000,ARRIVED,2179,0,7,16,8.674,306.914,4.785,1.000,0.000000,
195.000,ARRIVED,2180,2,5,8,4.736,221.620,4.643,1.000,0.000000,
195.000,ARRIVED,2181,2,1,4,8.571,305.713,4.299,1.000,0.000000,
195.000,ARRIVED,2182,2,6,4,6.276,314.049,5.390,1.000,0.000000,
195.000,ARRIVED,2183,3,10,11,1.394,225.376,2.100,1.000,0.000000,
195.000,ARRIVED,2184,3,8,2,6.672,308.692,4.160,1.000,0.000000,
195.000,ARRIVED,2185,4,1,5,8.448,216.234,6.937,1.000,0.000000,
195.000,ARRIVED,2186,4,8,11,4.440,262.283,6.137,1.000,0.000000,
195.105,FINISHED,212,3,8,10,9.880,48.549,5.631,1.000,0.000000,
195.105,STARTED,213,3,5,11,9.615,137.179,5.000,1.000,0.000000,observed_rate=2.000
196.000,ARRIVED,2187,1,1,7,8.834,225.956,3.377,1.000,0.000000,
196.000,ARRIVED,2188,1,1,7,4.646,279.743,2.995,2.536,0.000000,
196.000,ARRIVED,2189,3,10,19,6.265,283.612,5.245,1.000,0.000000,
196.000,ARRIVED,2190,3,10,3,9.917,241.873,6.820,2.627,0.000000,
196.000,ARRIVED,2191,3,5,16,2.336,217.483,4.931,1.000,0.000000,
196.000,ARRIVED,2192,3,10,7,3.585,248.689,7.794,2.315,0.000000,
196.000,ARRIVED,2193,4,3,11,7.918,305.126,7.750,1.000,0.000000,
196.009,FINISHED,333,0,10,10,2.343,91.466,5.310,1.000,0.000000,
196.009,STARTED,353,0,7,14,5.512,71.771,4.476,1.000,0.000000,observed_rate=0.000
197.000,ARRIVED,2194,0,10,14,3.151,262.472,3.617,1.000,0.000000,
197.000,ARRIVED,2195,1,1,1,4.720,282.582,2.020,1.000,0.000000,
197.000,ARRIVED,2196,3,6,10,2.361,290.503,5.700,1.000,0.000000,
197.000,ARRIVED,2197,3,7,2,3.710,281.530,7.954,1.000,0.000000,
197.000,ARRIVED,2198,3,3,7,5.201,316.121,6.626,2.619,0.000000,
197.000,ARRIVED,2199,3,9,11,3.545,242.453,4.722,1.000,0.000000,
197.000,ARRIVED,2200,4,1,18,2.171,270.868,5.687,1.000,0.000000,
197.000,ARRIVED,2201,4,2,13,8.918,288.502,4.460,1.000,0.000000,
197.000,ARRIVED,2202,4,4,5,2.552,288.667,5.665,1.000,0.000000,
197.000,ARRIVED,2203,4,9,1,2.551,280.870,6.884,2.245,0.000000,
198.000,ARRIVED,2204,0,1,17,6.700,262.676,7.957,1.000,0.000000,
198.000,ARRIVED,2205,1,8,10,5.802,289.915,2.835,1.000,0.000000,
198.000,ARRIVED,2206,2,9,3,7.426,242.986,6.699,1.000,0.000000,
198.000,ARRIVED,2207,2,7,9,1.712,241.032,3.180,1.000,0.000000,
198.000,ARRIVED,2208,2,7,14,5.012,263.572,5.384,1.000,0.000000,
198.000,ARRIVED,2209,3,3,4,8.737,232.995,2.651,1.797,0.000000,
198.000,ARRIVED,2210,3,2,18,3.234,270.451,5.074,1.000,0.000000,
198.000,ARRIVED,2211,3,9,14,8.323,255.695,2.777,1.000,0.000000,
198.000,ARRIVED,2212,4,8,5,1.122,270.317,2.308,2.974,0.000000,
198.000,ARRIVED,2213,4,1,18,9.915,261.488,3.877,1.000,0.000000,
199.000,ARRIVED,2214,0,2,16,5.110,262.241,6.325,1.000,0.000000,
199.000,ARRIVED,2215,0,4,7,1.466,288.436,6.752,2.865,0.000000,
199.000,ARRIVED,2216,2,1,8,4.314,301.647,2.476,1.000,0.000000,
199.000,ARRIVED,2217,2,1,13,2.271,219.331,7.217,1.000,0.000000,
199.000,ARRIVED,2218,3,3,15,3.109,286.411,6.404,1.969,0.000000,
199.000,ARRIVED,2219,3,2,13,3.518,243.053,3.380,1.000,0.000000,
199.000,ARRIVED,2220,3,6,11,8.603,266.631,7.834,2.972,0.000000,
199.000,ARRIVED,2221,4,5,4,2.442,266.037,7.293,1.000,0.000000,
199.000,ARRIVED,2222,4,10,13,9.580,224.046,7.270,1.000,0.000000,
199.000,ARRIVED,2223,4,7,6,1.493,232.296,5.502,1.000,0.000000,
199.000,ARRIVED,2224,4,8,5,5.178,308.408,5.277,1.000,0.000000,
199.000,ARRIVED,2225,4,1,8,2.908,270.142,6.413,1.000,0.000000,
199.000,ARRIVED,2226,4,2,19,3.768,254.741,7.165,1.000,0.000000,
200.000,ARRIVED,2227,2,8,10,9.188,307.862,3.198,1.000,0.000000,
200.000,ARRIVED,2228,2,9,6,1.335,283.926,7.428,1.000,0.000000,
200.000,ARRIVED,2229,2,5,17,7.041,310.902,3.086,1.000,0.000000,
200.000,ARRIVED,2230,3,1,18,6.035,310.509,6.517,1.000,0.000000,
200.000,ARRIVED,2231,4,4,4,4.006,291.234,3.593,2.824,0.000000,
200.000,ARRIVED,2232,4,8,15,8.193,295.011,2.380,1.000,0.000000,
200.000,ARRIVED,2233,4,2,1,5.305,239.410,7.442,1.000,0.000000,
200.105,FINISHED,213,3,5,11,9.615,137.179,5.000,1.000,0.000000,
200.105,STARTED,214,3,10,4,8.436,136.055,4.152,2.757,0.000000,observed_rate=1.000
200.485,FINISHED,353,0,7,14,5.512,71.771,4.476,1.000,0.000000,
200.485,STARTED,364,0,10,7,7.214,98.631,3.382,1.000,0.000000,observed_rate=0.000
201.000,ARRIVED,2234,0,3,7,2.038,260.693,4.672,1.000,0.000000,
201.000,ARRIVED,2235,0,9,12,8.457,302.332,2.027,1.000,0.000000,
201.000,ARRIVED,2236,1,7,9,9.797,238.137,4.532,1.000,0.000000,
201.000,ARRIVED,2237,2,8,20,5.142,269.803,5.613,1.000,0.000000,
201.000,ARRIVED,2238,2,1,8,6.224,228.497,6.650,1.000,0.000000,
201.000,ARRIVED,2239,2,5,3,1.796,235.242,5.200,1.000,0.000000,
201.000,ARRIVED,2240,2,9,20,5.344,315.431,2.428,1.000,0.000000,
201.000,ARRIVED,2241,3,7,8,8.499,269.620,5.405,1.000,0.000000,
201.000,ARRIVED,2242,3,5,12,8.168,296.602,6.179,1.000,0.000000,
201.000,ARRIVED,2243,3,10,9,4.871,282.064,2.169,1.000,0.000000,
201.000,ARRIVED,2244,3,8,13,2.722,222.964,5.165,1.955,0.000000,
201.000,ARRIVED,2245,4,1,1,6.901,285.956,4.721,2.364,0.000000,
201.000,ARRIVED,2246,4,4,15,7.680,298.888,6.834,1.000,0.000000,
201.000,ARRIVED,2247,4,1,9,1.410,226.676,7.034,2.489,0.000000,
202.000,ARRIVED,2248,1,6,2,8.035,312.988,5.021,1.000,0.000000,
202.000,ARRIVED,2249,3,10,9,2.111,303.930,5.292,1.000,0.000000,
202.000,ARRIVED,2250,4,6,4,9.134,305.342,5.867,1.000,0.000000,
202.000,ARRIVED,2251,4,1,14,4.502,264.798,4.980,1.000,0.000000,
202.000,ARRIVED,2252,4,6,4,4.509,250.164,4.330,1.000,0.000000,
202.000,ARRIVED,2253,4,6,12,9.641,319.346,3.548,1.000,0.000000,
202.000,ARRIVED,2254,4,6,9,3.012,231.685,2.361,1.000,0.000000,
202.433,FINISHED,145,4,3,9,5.808,87.646,7.789,2.845,0.000000,
202.433,STARTED,165,4,5,3,2.110,113.290,3.567,1.000,0.000000,observed_rate=5.000
202.718,FINISHED,208,1,2,9,9.652,50.065,4.089,2.501,0.000000,
202.718,STARTED,219,1,6,13,9.531,102.768,6.674,2.938,0.000000,observed_rate=1.000
203.000,ARRIVED,2255,0,3,2,1.300,281.024,2.613,1.000,0.000000,
203.000,ARRIVED,2256,1,10,3,1.346,231.617,5.154,2.319,0.000000,
203.000,ARRIVED,2257,1,1,7,2.692,293.563,6.723,2.568,0.000000,
203.000,ARRIVED,2258,2,5,18,5.803,319.076,5.845,2.750,0.000000,
203.000,ARRIVED,2259,2,2,8,8.591,259.645,6.849,1.815,0.000000,
203.000,ARRIVED,2260,2,1,20,1.145,247.724,6.198,1.000,0.000000,
203.000,ARRIVED,2261,3,3,16,9.137,276.923,3.722,1.000,0.000000,
203.000,ARRIVED,2262,3,6,7,5.734,308.856,7.497,1.000,0.000000,
203.000,ARRIVED,2263,3,10,18,4.015,247.170,2.829,1.000,0.000000,
203.000,ARRIVED,2264,4,1,6,8.646,252.044,5.505,1.000,0.000000,
203.000,ARRIVED,2265,4,1,10,8.334,297.248,6.370,1.000,0.000000,
203.000,ARRIVED,2266,4,9,10,8.257,247.974,3.446,1.000,0.000000,
203.000,ARRIVED,2267,4,4,17,1.102,267.518,3.912,1.000,0.000000,
203.000,ARRIVED,2268,4,7,12,2.297,285.464,3.038,1.000,0.000000,
203.868,FINISHED,364,0,10,7,7.214,98.631,3.382,1.000,0.000000,
203.868,STARTED,365,0,4,18,7.338,70.946,2.201,1.000,0.000000,observed_rate=1.000
204.000,ARRIVED,2269,1,5,3,1.750,293.433,7.471,1.000,0.000000,
204.000,ARRIVED,2270,2,1,3,4.962,305.983,7.720,2.324,0.000000,
204.000,ARRIVED,2271,2,8,10,4.110,284.029,4.718,1.000,0.000000,
204.000,ARRIVED,2272,2,9,13,5.745,309.290,7.552,1.518,0.000000,
204.000,ARRIVED,2273,3,2,18,8.732,270.311,6.360,1.000,0.000000,
204.000,ARRIVED,2274,3,10,8,3.357,300.551,6.393,1.000,0.000000,
204.000,ARRIVED,2275,4,3,4,5.805,245.024,3.203,1.607,0.000000,
204.000,ARRIVED,2276,4,5,4,1.147,323.996,5.565,1.000,0.000000,
204.000,ARRIVED,2277,4,9,20,7.797,315.076,7.659,1.000,0.000000,
204.000,ARRIVED,2278,4,9,4,2.614,281.470,6.477,2.295,0.000000,
204.000,ARRIVED,2279,4,4,20,6.670,308.652,4.757,1.000,0.000000,
205.000,ARRIVED,2280,0,7,17,4.286,308.276,4.593,1.717,0.000000,
205.000,ARRIVED,2281,0,3,3,9.782,259.321,7.557,1.000,0.000000,
205.000,ARRIVED,2282,0,4,5,2.508,251.604,5.412,1.000,0.000000,
205.000,ARRIVED,2283,1,7,4,5.585,309.249,6.909,1.000,0.000000,
205.000,ARRIVED,2284,2,6,3,2.757,259.487,3.282,1.000,0.000000,
205.000,ARRIVED,2285,2,7,4,2.464,281.014,6.935,1.000,0.000000,
205.000,ARRIVED,2286,3,6,8,9.275,297.289,5.228,2.260,0.000000,
205.000,ARRIVED,2287,3,2,9,7.580,232.541,7.818,1.000,0.000000,
205.000,ARRIVED,2288,3,7,16,1.861,233.984,7.967,1.000,0.000000,
205.000,ARRIVED,2289,3,7,11,3.159,247.588,6.950,1.000,0.000000,
205.000,ARRIVED,2290,3,8,4,5.349,226.668,6.959,2.866,0.000000,
205.000,ARRIVED,2291,4,3,1,6.496,311.183,7.309,1.000,0.000000,
205.000,ARRIVED,2292,4,4,7,4.503,317.690,7.555,1.000,0.000000,
205.000,ARRIVED,2293,4,4,8,3.319,256.007,4.911,1.000,0.000000,
205.000,ARRIVED,2294,4,1,13,8.394,292.858,4.811,1.000,0.000000,
205.000,ARRIVED,2295,4,6,17,1.950,247.081,5.786,1.000,0.000000,
206.000,ARRIVED,2296,1,5,14,6.327,280.891,3.844,2.659,0.000000,
206.000,ARRIVED,2297,2,9,14,9.815,325.581,5.473,1.000,0.000000,
206.000,ARRIVED,2298,3,7,5,1.893,246.335,3.754,1.000,0.000000,
206.000,ARRIVED,2299,3,10,9,9.285,312.147,7.611,1.000,0.000000,
206.000,ARRIVED,2300,4,1,13,7.339,307.710,2.579,1.905,0.000000,
206.000,ARRIVED,2301,4,3,1,1.318,287.205,4.421,2.568,0.000000,
206.000,ARRIVED,2302,4,6,7,1.028,302.350,2.756,1.000,0.000000,
206.000,ARRIVED,2303,4,1,14,5.652,244.634,7.038,1.711,0.000000,
206.000,ARRIVED,2304,4,1,11,3.899,321.400,2.167,1.000,0.000000,
206.000,ARRIVED,2305,4,6,12,9.200,251.301,7.742,1.000,0.000000,
206.000,ARRIVED,2306,4,4,9,6.504,227.203,5.796,1.000,0.000000,
206.000,FINISHED,165,4,5,3,2.110,113.290,3.567,1.000,0.000000,
206.000,STARTED,166,4,2,6,3.506,109.658,3.551,1.000,0.000000,observed_rate=7.000
206.068,FINISHED,365,0,4,18,7.338,70.946,2.201,1.000,0.000000,
206.068,STARTED,376,0,2,18,5.901,78.914,4.808,2.059,0.000000,observed_rate=0.000
207.000,ARRIVED,2307,0,5,18,5.311,269.867,5.662,1.000,0.000000,
207.000,ARRIVED,2308,0,7,13,1.102,302.465,2.450,1.000,0.000000,
207.000,ARRIVED,2309,2,3,2,5.544,278.142,3.239,1.000,0.000000,
207.000,ARRIVED,2310,2,10,10,3.717,285.944,7.728,1.000,0.000000,
207.000,ARRIVED,2311,3,4,15,8.976,313.831,4.513,1.000,0.000000,
207.000,ARRIVED,2312,4,6,5,4.504,235.288,3.133,1.000,0.000000,
207.000,ARRIVED,2313,4,8,11,5.172,271.818,5.501,1.000,0.000000,
207.000,ARRIVED,2314,4,1,14,6.822,236.415,3.256,1.000,0.000000,
207.000,ARRIVED,2315,4,10,5,1.465,230.363,4.542,1.000,0.000000,
207.000,ARRIVED,2316,4,1,14,5.268,297.837,7.592,1.000,0.000000,
207.000,ARRIVED,2317,4,9,11,7.384,254.273,7.818,1.000,0.000000,
208.000,ARRIVED,2318,1,8,18,7.581,252.505,2.235,1.000,0.000000,
208.000,ARRIVED,2319,2,3,5,7.893,322.948,4.331,2.203,0.000000,
208.000,ARRIVED,2320,2,8,18,5.862,311.951,4.520,2.389,0.000000,
208.000,ARRIVED,2321,2,5,12,9.592,272.294,5.228,1.000,0.000000,
208.000,ARRIVED,2322,3,3,17,8.602,297.175,4.046,2.129,0.000000,
208.000,ARRIVED,2323,4,4,12,2.416,269.145,2.302,1.000,0.000000,
208.000,ARRIVED,2324,4,8,9,4.128,315.688,5.447,1.000,0.000000,
209.000,ARRIVED,2325,0,8,11,4.797,271.484,2.656,1.000,0.000000,
209.000,ARRIVED,2326,1,1,18,3.295,314.720,2.631,1.000,0.000000,
209.000,ARRIVED,2327,1,5,12,9.652,303.846,3.073,1.000,0.000000,
209.000,ARRIVED,2328,1,9,4,2.240,248.418,6.251,1.943,0.000000,
209.000,ARRIVED,2329,1,2,18,4.218,307.888,7.400,1.000,0.000000,
209.000,ARRIVED,2330,1,1,7,9.063,310.263,6.555,1.000,0.000000,
209.000,ARRIVED,2331,2,1,12,7.948,290.094,5.946,2.030,0.000000,
209.000,ARRIVED,2332,2,10,20,6.781,287.061,5.979,1.000,0.000000,
209.000,ARRIVED,2333,2,1,15,6.326,259.611,3.626,1.731,0.000000,
209.000,ARRIVED,2334,2,10,10,4.913,295.050,3.152,1.000,0.000000,
209.000,ARRIVED,2335,2,2,9,5.849,288.107,5.216,1.000,0.000000,
209.000,ARRIVED,2336,3,2,5,4.215,268.633,5.102,2.290,0.000000,
209.000,ARRIVED,2337,3,1,10,4.164,321.465,3.400,1.000,0.000000,
209.000,ARRIVED,2338,3,2,11,9.988,308.653,5.722,1.000,0.000000,
209.000,ARRIVED,2339,4,6,6,7.457,316.445,4.841,1.000,0.000000,
209.000,ARRIVED,2340,4,7,17,8.486,297.091,7.504,1.000,0.000000,
209.000,ARRIVED,2341,4,6,12,2.998,275.067,6.615,1.000,0.000000,
209.000,ARRIVED,2342,4,9,2,8.835,283.321,2.474,2.123,0.000000,
209.551,FINISHED,166,4,2,6,3.506,109.658,3.551,1.000,0.000000,
209.551,STARTED,167,4,3,19,5.827,59.439,5.659,1.000,0.000000,observed_rate=4.000
210.000,ARRIVED,2343,2,10,20,5.656,275.180,3.388,1.531,0.000000,
210.000,ARRIVED,2344,2,5,17,8.078,329.411,2.312,1.651,0.000000,
210.000,ARRIVED,2345,2,6,2,8.987,279.382,6.157,1.000,0.000000,
210.000,ARRIVED,2346,2,2,9,7.549,286.413,6.270,1.000,0.000000,
210.000,ARRIVED,2347,3,9,20,4.372,238.414,2.090,1.000,0.000000,
210.000,ARRIVED,2348,3,1,4,9.692,261.041,5.524,1.000,0.000000,
210.000,ARRIVED,2349,3,5,3,8.115,304.892,2.457,1.000,0.000000,
210.000,ARRIVED,2350,3,7,4,4.710,271.730,4.976,1.000,0.000000,
210.000,ARRIVED,2351,3,9,8,3.839,309.357,4.545,1.912,0.000000,
210.000,ARRIVED,2352,4,10,4,7.204,294.602,6.242,1.000,0.000000,
210.000,ARRIVED,2353,4,6,17,6.064,233.200,6.851,2.561,0.000000,
211.000,ARRIVED,2354,0,7,14,1.338,300.587,4.788,1.000,0.000000,
211.000,ARRIVED,2355,1,4,16,3.480,300.144,7.854,1.625,0.000000,
211.000,ARRIVED,2356,2,8,16,4.988,301.814,7.687,1.000,0.000000,
211.000,ARRIVED,2357,3,8,1,6.021,290.139,5.974,1.000,0.000000,
211.000,ARRIVED,2358,3,5,20,1.895,312.370,4.877,1.000,0.000000,
211.000,ARRIVED,2359,3,4,9,7.365,308.753,6.033,1.000,0.000000,
211.000,ARRIVED,2360,3,9,17,1.418,330.346,3.338,2.724,0.000000,
211.000,ARRIVED,2361,3,5,15,9.111,297.395,3.737,1.000,0.000000,
211.000,ARRIVED,2362,3,3,8,3.186,232.723,5.115,1.000,0.000000,
211.000,ARRIVED,2363,3,1,18,7.525,293.359,6.556,1.000,0.000000,
211.000,ARRIVED,2364,3,3,6,8.775,293.609,2.283,2.891,0.000000,
211.000,ARRIVED,2365,3,2,19,1.763,307.362,4.570,1.988,0.000000,
211.000,ARRIVED,2366,4,6,5,3.874,265.088,2.555,2.302,0.000000,
211.000,ARRIVED,2367,4,2,12,9.099,277.695,7.212,1.979,0.000000,
211.000,ARRIVED,2368,4,8,16,3.541,264.309,7.928,1.684,0.000000,
211.000,ARRIVED,2369,4,3,10,6.330,281.152,4.483,1.000,0.000000,
211.000,ARRIVED,2370,4,6,19,3.799,314.386,6.268,1.000,0.000000,
211.000,ARRIVED,2371,4,8,8,2.228,290.896,5.506,1.000,0.000000,
211.000,ARRIVED,2372,4,4,8,5.146,310.313,7.666,1.533,0.000000,
211.553,FINISHED,214,3,10,4,8.436,136.055,4.152,2.757,0.000000,
211.553,STARTED,215,3,2,12,7.213,43.193,2.771,1.000,0.000000,observed_rate=9.000
212.000,ARRIVED,2373,0,8,12,3.010,245.979,6.240,1.000,0.000000,
212.000,ARRIVED,2374,1,4,8,2.725,318.609,6.442,1.000,0.000000,
212.000,ARRIVED,2375,2,5,13,7.217,314.665,7.511,1.000,0.000000,
212.000,ARRIVED,2376,2,7,10,7.224,262.139,5.297,1.000,0.000000,
212.000,ARRIVED,2377,2,4,7,8.569,246.673,7.972,2.032,0.000000,
212.000,ARRIVED,2378,2,6,17,9.242,316.086,3.456,1.000,0.000000,
212.000,ARRIVED,2379,2,5,16,6.311,300.962,2.366,1.000,0.000000,
212.000,ARRIVED,2380,2,1,8,2.576,252.087,2.914,1.000,0.000000,
212.000,ARRIVED,2381,3,1,12,4.438,267.628,2.127,1.000,0.000000,
212.000,ARRIVED,2382,3,9,14,9.465,246.790,4.917,1.000,0.000000,
212.000,ARRIVED,2383,3,5,15,9.416,313.595,5.441,1.000,0.000000,
212.000,ARRIVED,2384,3,3,14,7.636,240.013,2.619,1.000,0.000000,
212.000,ARRIVED,2385,4,1,11,2.782,241.760,3.831,1.000,0.000000,
212.000,ARRIVED,2386,4,1,4,5.786,281.598,3.227,1.629,0.000000,
212.000,ARRIVED,2387,4,6,17,3.053,308.670,2.939,1.000,0.000000,
212.000,ARRIVED,2388,4,8,1,6.197,307.527,2.762,1.000,0.000000,
213.000,ARRIVED,2389,0,4,12,3.387,288.264,2.464,1.000,0.000000,
213.000,ARRIVED,2390,2,4,13,2.158,320.682,3.552,1.567,0.000000,
213.000,ARRIVED,2391,2,1,11,8.052,249.539,4.867,1.000,0.000000,
213.000,ARRIVED,2392,3,6,10,5.867,268.121,6.108,1.000,0.000000,
213.000,ARRIVED,2393,3,3,19,4.231,237.236,7.265,1.629,0.000000,
213.000,ARRIVED,2394,3,5,12,1.121,235.999,3.541,1.000,0.000000,
213.000,ARRIVED,2395,4,7,16,1.458,268.673,6.027,1.000,0.000000,
213.000,ARRIVED,2396,4,8,16,8.865,246.002,4.915,1.000,0.000000,
213.000,ARRIVED,2397,4,8,9,7.296,240.966,7.119,1.000,0.000000,
213.000,ARRIVED,2398,4,6,7,5.341,282.940,6.236,1.000,0.000000,
214.000,ARRIVED,2399,1,10,9,4.729,262.488,4.138,1.000,0.000000,
214.000,ARRIVED,2400,1,9,20,2.908,296.116,4.395,1.774,0.000000,
214.000,ARRIVED,2401,3,10,8,8.346,291.760,7.674,1.000,0.000000,
214.000,ARRIVED,2402,3,5,10,7.363,322.714,5.709,1.000,0.000000,
214.000,ARRIVED,2403,3,2,12,9.541,271.886,6.026,2.403,0.000000,
214.000,ARRIVED,2404,3,2,10,6.139,331.243,7.150,1.000,0.000000,
214.000,ARRIVED,2405,3,4,9,5.062,314.563,7.619,1.000,0.000000,
214.000,ARRIVED,2406,4,10,10,6.381,247.796,3.003,1.000,0.000000,
214.000,ARRIVED,2407,4,5,20,9.560,280.047,7.508,1.000,0.000000,
214.000,ARRIVED,2408,4,7,20,8.962,255.239,4.277,1.000,0.000000,
214.000,ARRIVED,2409,4,2,9,2.919,268.658,2.074,2.043,0.000000,
214.000,ARRIVED,2410,4,1,15,6.243,285.454,7.242,1.000,0.000000,
214.323,FINISHED,215,3,2,12,7.213,43.193,2.771,1.000,0.000000,
214.323,STARTED,221,3,2,6,9.794,50.564,2.016,1.000,0.000000,observed_rate=5.000
215.000,ARRIVED,2411,1,7,9,8.415,308.634,5.259,2.307,0.000000,
215.000,ARRIVED,2412,1,10,19,4.086,275.882,5.796,1.000,0.000000,
215.000,ARRIVED,2413,2,8,16,6.444,235.314,3.865,2.297,0.000000,
215.000,ARRIVED,2414,2,5,8,2.011,250.854,2.034,1.621,0.000000,
215.000,ARRIVED,2415,2,8,2,2.695,306.790,4.613,2.530,0.000000,
215.000,ARRIVED,2416,2,2,17,1.958,262.563,5.695,1.000,0.000000,
215.000,ARRIVED,2417,3,9,4,3.512,304.690,7.940,2.080,0.000000,
215.000,ARRIVED,2418,4,5,3,9.100,329.339,7.840,1.000,0.000000,
215.000,ARRIVED,2419,4,6,6,4.432,276.138,5.682,1.000,0.000000,
215.000,ARRIVED,2420,4,6,9,2.552,255.111,4.924,1.000,0.000000,
215.000,ARRIVED,2421,4,2,5,2.651,271.488,5.053,1.000,0.000000,
215.000,ARRIVED,2422,4,1,2,6.043,281.638,5.221,1.000,0.000000,
215.000,ARRIVED,2423,4,8,15,4.480,259.262,7.869,2.945,0.000000,
215.000,ARRIVED,2424,4,5,13,2.308,305.679,6.902,1.000,0.000000,
215.000,ARRIVED,2425,4,5,14,8.974,235.006,4.977,1.000,0.000000,
215.000,ARRIVED,2426,4,5,12,9.046,265.433,2.376,1.613,0.000000,
215.000,ARRIVED,2427,4,5,5,7.790,245.704,5.166,1.000,0.000000,
215.000,ARRIVED,2428,4,8,16,4.792,300.453,5.932,1.000,0.000000,
215.211,FINISHED,167,4,3,19,5.827,59.439,5.659,1.000,0.000000,
215.211,STARTED,168,4,2,8,2.333,67.320,5.563,1.000,0.000000,observed_rate=11.000
215.757,FINISHED,292,2,9,8,8.781,63.644,7.485,2.775,0.000000,
215.757,STARTED,293,2,3,14,6.692,108.814,7.031,1.000,0.000000,observed_rate=4.000
215.967,FINISHED,376,0,2,18,5.901,78.914,4.808,2.059,0.000000,
215.967,STARTED,391,0,8,17,9.360,90.200,7.755,2.402,0.000000,observed_rate=0.000
216.000,ARRIVED,2429,0,1,1,5.354,270.985,4.886,2.228,0.000000,
216.000,ARRIVED,2430,0,6,2,2.245,256.623,2.596,1.000,0.000000,
216.000,ARRIVED,2431,0,10,9,2.295,325.785,3.430,1.912,0.000000,
216.000,ARRIVED,2432,2,3,6,7.682,283.793,2.532,1.000,0.000000,
216.000,ARRIVED,2433,2,2,6,5.511,318.735,5.478,1.000,0.000000,
216.000,ARRIVED,2434,2,10,2,1.540,308.916,5.579,1.000,0.000000,
216.000,ARRIVED,2435,2,2,5,3.792,258.519,6.491,1.000,0.000000,
216.000,ARRIVED,2436,2,3,19,1.691,268.385,5.480,1.000,0.000000,
216.000,ARRIVED,2437,3,10,11,8.225,325.187,4.091,1.000,0.000000,
216.000,ARRIVED,2438,3,3,1,9.364,331.280,6.798,1.000,0.000000,
216.000,ARRIVED,2439,4,2,5,5.890,237.594,4.523,2.840,0.000000,
216.000,ARRIVED,2440,4,10,4,7.751,270.060,5.517,1.000,0.000000,
216.000,ARRIVED,2441,4,7,12,6.245,319.312,5.840,2.370,0.000000,
216.000,ARRIVED,2442,4,4,20,4.705,307.981,2.351,1.000,0.000000,
216.340,FINISHED,221,3,2,6,9.794,50.564,2.016,1.000,0.000000,
216.340,STARTED,222,3,9,16,7.332,62.350,6.009,1.000,0.000000,observed_rate=2.000
217.000,ARRIVED,2443,1,1,4,4.229,264.474,2.407,1.000,0.000000,
217.000,ARRIVED,2444,1,4,8,9.196,268.726,6.742,1.000,0.000000,
217.000,ARRIVED,2445,1,8,17,6.260,279.771,5.040,1.000,0.000000,
217.000,ARRIVED,2446,2,10,3,1.262,260.914,7.229,2.822,0.000000,
217.000,ARRIVED,2447,2,3,11,2.499,305.428,3.660,1.000,0.000000,
217.000,ARRIVED,2448,2,8,16,3.324,237.608,6.976,1.000,0.000000,
217.000,ARRIVED,2449,3,7,12,1.298,321.998,4.710,2.022,0.000000,
217.000,ARRIVED,2450,3,6,20,3.928,274.386,6.224,1.000,0.000000,
217.000,ARRIVED,2451,3,3,5,7.803,269.390,6.790,1.000,0.000000,
217.000,ARRIVED,2452,4,5,17,3.000,306.686,4.313,1.000,0.000000,
217.000,ARRIVED,2453,4,8,12,5.407,282.682,2.007,1.000,0.000000,
218.000,ARRIVED,2454,0,2,2,2.032,250.858,4.723,1.000,0.000000,
218.000,ARRIVED,2455,1,5,11,5.949,262.663,6.904,1.000,0.000000,
218.000,ARRIVED,2456,1,2,14,8.902,240.705,4.853,1.000,0.000000,
218.000,ARRIVED,2457,1,2,20,1.496,330.119,5.787,1.000,0.000000,
218.000,ARRIVED,2458,1,7,13,1.252,313.529,2.031,1.000,0.000000,
218.000,ARRIVED,2459,2,2,1,7.721,244.803,3.212,1.534,0.000000,
218.000,ARRIVED,2460,2,9,14,6.002,248.356,6.609,1.000,0.000000,
218.000,ARRIVED,2461,2,10,2,4.634,307.659,3.790,1.670,0.000000,
218.000,ARRIVED,2462,3,8,10,9.912,323.996,6.871,1.000,0.000000,
218.000,ARRIVED,2463,3,8,13,6.650,260.383,7.408,1.000,0.000000,
218.000,ARRIVED,2464,4,2,18,4.954,310.342,2.955,1.000,0.000000,
218.000,ARRIVED,2465,4,7,20,4.638,249.425,2.839,1.000,0.000000,
218.000,ARRIVED,2466,4,9,14,3.378,258.440,7.532,2.292,0.000000,
219.000,ARRIVED,2467,0,2,9,3.259,292.628,6.510,1.000,0.000000,
219.000,ARRIVED,2468,1,10,3,9.961,279.473,6.282,1.000,0.000000,
219.000,ARRIVED,2469,1,4,11,8.029,285.526,4.889,1.000,0.000000,
219.000,ARRIVED,2470,1,8,3,5.736,300.808,7.339,1.000,0.000000,
219.000,ARRIVED,2471,2,3,2,4.604,265.974,5.264,1.000,0.000000,
219.000,ARRIVED,2472,2,7,13,8.268,301.664,5.035,1.000,0.000000,
219.000,ARRIVED,2473,2,6,10,7.906,239.831,2.481,1.000,0.000000,
219.000,ARRIVED,2474,2,7,16,2.024,261.075,5.403,1.000,0.000000,
219.000,ARRIVED,2475,3,1,16,5.627,317.572,4.768,1.000,0.000000,
219.000,ARRIVED,2476,3,1,1,1.327,309.316,6.253,1.000,0.000000,
219.000,ARRIVED,2477,3,4,5,9.969,317.514,6.463,1.000,0.000000,
219.000,ARRIVED,2478,4,9,20,7.076,244.506,7.333,1.935,0.000000,
219.000,ARRIVED,2479,4,7,10,8.509,263.867,4.568,2.830,0.000000,
219.000,ARRIVED,2480,4,1,9,4.407,299.964,4.507,1.000,0.000000,
219.000,ARRIVED,2481,4,6,15,2.996,259.146,2.693,1.000,0.000000,
220.000,ARRIVED,2482,1,10,8,7.535,253.671,6.110,1.908,0.000000,
220.000,ARRIVED,2483,2,1,15,7.679,305.609,6.461,1.000,0.000000,
220.000,ARRIVED,2484,2,2,4,2.925,282.498,4.384,1.000,0.000000,
220.000,ARRIVED,2485,2,4,13,3.821,302.807,5.495,1.000,0.000000,
220.000,ARRIVED,2486,2,1,5,5.955,257.265,7.615,1.000,0.000000,
220.000,ARRIVED,2487,3,8,4,1.507,279.481,6.441,1.000,0.000000,
220.000,ARRIVED,2488,3,2,19,4.574,333.358,6.700,1.000,0.000000,
220.000,ARRIVED,2489,3,10,4,3.338,299.251,3.936,1.000,0.000000,
220.000,ARRIVED,2490,3,10,4,8.228,252.726,2.664,1.000,0.000000,
220.000,ARRIVED,2491,3,4,12,2.263,261.292,4.344,1.000,0.000000,
220.000,ARRIVED,2492,4,10,5,4.551,306.956,4.697,1.000,0.000000,
220.774,FINISHED,168,4,2,8,2.333,67.320,5.563,1.000,0.000000,
220.774,STARTED,169,4,3,15,5.445,99.380,4.367,1.000,0.000000,observed_rate=1.000
221.000,ARRIVED,2493,1,4,20,4.534,293.371,6.818,1.000,0.000000,
221.000,ARRIVED,2494,1,2,13,9.981,252.148,2.026,1.000,0.000000,
221.000,ARRIVED,2495,1,5,1,3.643,337.296,6.571,1.000,0.000000,
221.000,ARRIVED,2496,2,5,20,5.391,324.574,4.296,1.000,0.000000,
221.000,ARRIVED,2497,3,10,9,3.758,324.767,2.010,1.000,0.000000,
221.000,ARRIVED,2498,3,7,11,3.196,318.440,5.576,1.000,0.000000,
221.000,ARRIVED,2499,3,4,5,5.517,264.121,3.345,1.000,0.000000,
221.000,ARRIVED,2500,3,10,3,4.467,283.447,5.944,2.768,0.000000,
221.000,ARRIVED,2501,4,6,6,4.242,295.325,4.417,1.000,0.000000,
221.000,ARRIVED,2502,4,3,7,8.087,285.835,2.111,1.000,0.000000,
221.000,ARRIVED,2503,4,9,9,2.598,310.383,2.584,1.000,0.000000,
221.000,ARRIVED,2504,4,5,14,5.866,316.315,6.209,1.000,0.000000,
222.000,ARRIVED,2505,1,9,3,5.543,287.968,5.012,1.000,0.000000,
222.000,ARRIVED,2506,2,7,10,3.920,290.215,7.854,1.000,0.000000,
222.000,ARRIVED,2507,2,6,20,3.079,252.500,7.114,2.436,0.000000,
222.000,ARRIVED,2508,2,2,17,1.295,278.698,3.600,1.000,0.000000,
222.000,ARRIVED,2509,2,9,20,9.061,256.821,2.732,1.000,0.000000,
222.000,ARRIVED,2510,2,10,7,7.472,300.930,4.053,1.000,0.000000,
222.000,ARRIVED,2511,2,8,13,1.571,251.082,5.523,2.598,0.000000,
222.000,ARRIVED,2512,2,9,1,7.011,334.314,5.533,1.000,0.000000,
222.000,ARRIVED,2513,2,7,13,5.169,251.440,4.366,2.077,0.000000,
222.000,ARRIVED,2514,3,2,4,1.921,316.656,4.031,1.000,0.000000,
222.325,FINISHED,219,1,6,13,9.531,102.768,6.674,2.938,0.000000,
222.325,STARTED,220,1,10,1,4.604,126.670,7.378,1.000,0.000000,observed_rate=1.000
222.349,FINISHED,222,3,9,16,7.332,62.350,6.009,1.000,0.000000,
222.349,STARTED,230,3,8,11,5.278,53.432,5.858,1.000,0.000000,observed_rate=1.000
222.788,FINISHED,293,2,3,14,6.692,108.814,7.031,1.000,0.000000,
222.788,STARTED,294,2,5,5,7.413,123.179,3.222,1.000,0.000000,observed_rate=8.000
223.000,ARRIVED,2515,1,1,13,5.212,295.319,2.602,1.000,0.000000,
223.000,ARRIVED,2516,2,6,12,8.395,296.286,6.390,2.827,0.000000,
223.000,ARRIVED,2517,2,8,10,4.349,339.528,3.413,1.000,0.000000,
223.000,ARRIVED,2518,2,4,11,7.500,287.157,3.570,1.000,0.000000,
223.000,ARRIVED,2519,2,7,2,2.564,253.069,2.927,2.712,0.000000,
223.000,ARRIVED,2520,2,9,12,7.763,300.546,2.480,1.000,0.000000,
223.000,ARRIVED,2521,3,6,10,1.734,269.398,4.279,1.000,0.000000,
223.000,ARRIVED,2522,3,2,12,6.743,252.835,3.654,1.905,0.000000,
223.000,ARRIVED,2523,3,1,18,1.037,275.771,4.168,1.000,0.000000,
223.000,ARRIVED,2524,4,4,2,9.174,300.794,7.201,2.200,0.000000,
223.000,ARRIVED,2525,4,8,19,9.812,332.772,2.961,1.000,0.000000,
223.000,ARRIVED,2526,4,4,4,9.397,282.084,2.740,1.000,0.000000,
224.000,ARRIVED,2527,0,10,7,8.388,267.422,6.262,1.000,0.000000,
224.000,ARRIVED,2528,1,1,19,4.144,298.318,6.240,1.000,0.000000,
224.000,ARRIVED,2529,1,9,17,4.014,303.980,3.767,1.000,0.000000,
224.000,ARRIVED,2530,3,10,12,2.182,334.616,6.611,1.000,0.000000,
224.000,ARRIVED,2531,3,10,6,1.549,336.453,5.343,2.718,0.000000,
224.000,ARRIVED,2532,4,3,18,2.461,255.861,7.147,1.000,0.000000,
224.000,ARRIVED,2533,4,10,11,2.927,315.065,6.083,1.000,0.000000,
225.000,ARRIVED,2534,1,5,20,9.928,289.282,7.829,2.670,0.000000,
225.000,ARRIVED,2535,1,6,13,8.974,299.335,6.662,1.000,0.000000,
225.000,ARRIVED,2536,1,5,13,8.696,266.607,4.674,1.000,0.000000,
225.000,ARRIVED,2537,2,6,3,2.848,272.129,7.525,1.000,0.000000,
225.000,ARRIVED,2538,3,8,4,5.872,295.851,3.775,2.306,0.000000,
225.000,ARRIVED,2539,3,9,7,9.043,318.991,6.534,1.000,0.000000,
225.000,ARRIVED,2540,4,1,4,4.565,336.933,3.110,2.914,0.000000,
225.000,ARRIVED,2541,4,1,8,8.722,281.945,4.536,1.000,0.000000,
225.000,ARRIVED,2542,4,8,18,6.177,282.516,2.929,1.000,0.000000,
225.142,FINISHED,169,4,3,15,5.445,99.380,4.367,1.000,0.000000,
225.142,STARTED,175,4,5,7,5.324,95.677,3.111,1.000,0.000000,observed_rate=3.000
226.000,ARRIVED,2543,0,2,1,3.698,290.737,4.893,1.000,0.000000,
226.000,ARRIVED,2544,1,9,10,1.231,300.453,6.523,1.000,0.000000,
226.000,ARRIVED,2545,1,8,4,4.875,265.804,2.777,1.000,0.000000,
226.000,ARRIVED,2546,1,8,10,3.295,297.853,4.200,1.000,0.000000,
226.000,ARRIVED,2547,2,7,2,1.014,333.866,2.133,1.000,0.000000,
226.000,ARRIVED,2548,2,2,16,7.790,280.394,7.135,1.000,0.000000,
226.000,ARRIVED,2549,3,5,12,2.677,318.727,2.108,1.000,0.000000,
226.000,ARRIVED,2550,4,5,7,3.939,310.419,2.891,1.773,0.000000,
226.000,ARRIVED,2551,4,9,17,9.759,267.717,5.248,1.000,0.000000,
226.000,ARRIVED,2552,4,8,8,9.207,288.672,7.746,1.000,0.000000,
226.000,ARRIVED,2553,4,4,15,7.791,274.224,4.316,2.500,0.000000,
226.010,FINISHED,294,2,5,5,7.413,123.179,3.222,1.000,0.000000,
226.010,STARTED,312,2,2,14,2.463,148.902,5.802,1.000,0.000000,observed_rate=2.000
227.000,ARRIVED,2554,1,2,9,1.414,317.159,2.102,1.000,0.000000,
227.000,ARRIVED,2555,2,6,2,5.278,310.175,2.152,2.895,0.000000,
227.000,ARRIVED,2556,2,8,1,1.893,265.622,7.860,1.000,0.000000,
227.000,ARRIVED,2557,2,7,12,4.201,325.688,5.684,1.000,0.000000,
227.000,ARRIVED,2558,3,8,3,2.274,259.195,3.516,1.000,0.000000,
227.000,ARRIVED,2559,3,7,13,9.335,285.357,6.232,1.000,0.000000,
227.000,ARRIVED,2560,3,4,16,7.414,270.546,3.072,1.000,0.000000,
227.000,ARRIVED,2561,4,6,15,2.599,279.303,5.572,1.000,0.000000,
227.000,ARRIVED,2562,4,1,18,4.938,301.519,6.419,1.000,0.000000,
227.000,ARRIVED,2563,4,10,13,7.854,270.304,7.622,2.201,0.000000,
227.000,ARRIVED,2564,4,1,7,1.065,274.430,2.106,1.000,0.000000,
227.000,ARRIVED,2565,4,3,19,1.533,259.616,3.344,1.000,0.000000,
228.000,ARRIVED,2566,1,7,18,1.467,310.065,6.698,2.960,0.000000,
228.000,ARRIVED,2567,3,10,15,4.153,270.545,2.175,1.000,0.000000,
228.000,ARRIVED,2568,3,4,5,3.571,307.836,5.095,1.000,0.000000,
228.000,ARRIVED,2569,3,5,3,1.073,273.064,6.569,1.000,0.000000,
228.000,ARRIVED,2570,3,7,19,1.181,270.953,5.595,1.000,0.000000,
228.000,ARRIVED,2571,3,1,2,1.361,301.661,3.421,1.806,0.000000,
228.000,ARRIVED,2572,4,2,8,9.841,303.444,5.352,1.000,0.000000,
228.000,ARRIVED,2573,4,6,4,9.649,297.281,3.805,1.000,0.000000,
228.000,ARRIVED,2574,4,2,20,3.136,308.923,6.650,2.228,0.000000,
228.207,FINISHED,230,3,8,11,5.278,53.432,5.858,1.000,0.000000,
228.207,STARTED,231,3,6,14,1.126,103.121,3.233,1.000,0.000000,observed_rate=5.000
228.253,FINISHED,175,4,5,7,5.324,95.677,3.111,1.000,0.000000,
228.253,STARTED,176,4,2,3,9.153,36.566,6.970,1.000,0.000000,observed_rate=3.000
229.000,ARRIVED,2575,0,2,5,7.678,287.533,4.821,1.000,0.000000,
229.000,ARRIVED,2576,0,8,13,4.814,267.443,5.133,2.148,0.000000,
229.000,ARRIVED,2577,1,8,11,9.403,327.116,4.900,2.297,0.000000,
229.000,ARRIVED,2578,2,3,5,9.866,334.886,2.381,1.728,0.000000,
229.000,ARRIVED,2579,2,9,18,5.763,316.145,7.119,1.000,0.000000,
229.000,ARRIVED,2580,2,1,4,3.508,271.422,5.124,1.000,0.000000,
229.000,ARRIVED,2581,2,1,11,3.309,310.298,3.584,1.670,0.000000,
229.000,ARRIVED,2582,3,6,8,2.335,328.062,6.079,1.000,0.000000,
229.000,ARRIVED,2583,3,9,19,8.395,278.665,6.034,1.000,0.000000,
229.000,ARRIVED,2584,3,2,20,6.262,313.106,2.349,1.000,0.000000,
229.000,ARRIVED,2585,4,3,8,3.196,293.064,7.197,1.000,0.000000,
229.000,ARRIVED,2586,4,9,14,8.935,264.444,7.281,1.000,0.000000,
229.000,ARRIVED,2587,4,4,8,6.660,257.799,3.986,1.000,0.000000,
229.000,ARRIVED,2588,4,6,3,1.149,272.466,4.292,1.000,0.000000,
229.000,ARRIVED,2589,4,4,9,9.476,258.047,6.318,1.000,0.000000,
229.000,ARRIVED,2590,4,2,9,3.833,268.794,2.483,1.000,0.000000,
229.702,FINISHED,220,1,10,1,4.604,126.670,7.378,1.000,0.000000,
229.702,STARTED,227,1,7,7,2.970,74.732,5.803,1.000,0.000000,observed_rate=1.000
230.000,ARRIVED,2591,0,8,13,5.943,328.413,5.977,1.000,0.000000,
230.000,ARRIVED,2592,1,1,14,4.835,296.591,4.614,1.000,0.000000,
230.000,ARRIVED,2593,2,2,5,2.081,273.255,2.908,1.000,0.000000,
230.000,ARRIVED,2594,2,10,18,1.677,270.473,5.997,2.027,0.000000,
230.000,ARRIVED,2595,3,5,1,2.308,332.802,6.117,1.000,0.000000,
230.000,ARRIVED,2596,3,7,12,9.387,337.085,7.830,1.000,0.000000,
230.000,ARRIVED,2597,3,8,12,2.416,260.409,7.767,1.000,0.000000,
230.000,ARRIVED,2598,4,7,18,1.083,323.296,5.806,1.000,0.000000,
231.000,ARRIVED,2599,1,6,4,7.306,323.706,5.957,1.000,0.000000,
231.000,ARRIVED,2600,2,2,7,2.578,252.062,4.319,1.985,0.000000,
231.000,ARRIVED,2601,2,3,15,1.605,266.178,4.190,1.000,0.000000,
231.000,ARRIVED,2602,2,8,10,9.818,318.385,5.435,1.000,0.000000,
231.000,ARRIVED,2603,2,3,15,7.467,256.676,7.000,1.000,0.000000,
231.000,ARRIVED,2604,3,6,16,2.855,265.617,2.970,1.000,0.000000,
231.000,ARRIVED,2605,4,9,6,7.621,321.422,6.744,1.707,0.000000,
231.000,ARRIVED,2606,4,6,19,7.088,334.838,2.930,1.000,0.000000,
231.000,ARRIVED,2607,4,9,6,4.666,302.800,2.097,1.000,0.000000,
231.000,ARRIVED,2608,4,9,1,4.745,305.915,4.129,1.000,0.000000,
231.000,ARRIVED,2609,4,9,16,4.053,314.390,2.117,1.000,0.000000,
231.000,ARRIVED,2610,4,1,18,6.405,313.132,7.193,1.662,0.000000,
231.000,ARRIVED,2611,4,8,13,6.334,277.559,4.888,1.000,0.000000,
231.440,FINISHED,231,3,6,14,1.126,103.121,3.233,1.000,0.000000,
231.440,STARTED,232,3,4,7,1.437,65.162,4.603,1.000,0.000000,observed_rate=1.000
231.812,FINISHED,312,2,2,14,2.463,148.902,5.802,1.000,0.000000,
231.812,STARTED,313,2,2,13,4.000,137.212,2.295,1.000,0.000000,observed_rate=4.000
232.000,ARRIVED,2612,0,1,3,3.803,300.409,4.099,1.000,0.000000,
232.000,ARRIVED,2613,1,1,1,2.535,315.660,7.592,1.000,0.000000,
232.000,ARRIVED,2614,1,9,4,5.934,256.011,3.647,1.000,0.000000,
232.000,ARRIVED,2615,2,9,19,2.317,347.643,7.232,1.000,0.000000,
232.000,ARRIVED,2616,2,1,1,2.214,282.878,3.827,1.000,0.000000,
232.000,ARRIVED,2617,3,2,1,4.181,305.487,7.179,1.000,0.000000,
232.000,ARRIVED,2618,3,7,10,4.503,291.080,5.139,1.754,0.000000,
232.000,ARRIVED,2619,4,4,5,8.253,252.486,2.775,1.000,0.000000,
232.000,ARRIVED,2620,4,4,9,5.039,275.475,3.539,2.008,0.000000,
232.000,ARRIVED,2621,4,5,12,2.698,327.343,4.988,1.000,0.000000,
232.000,ARRIVED,2622,4,5,2,9.991,312.362,2.236,1.000,0.000000,
232.000,ARRIVED,2623,4,2,10,3.278,297.371,4.694,1.000,0.000000,
232.000,ARRIVED,2624,4,5,15,7.725,297.869,3.249,1.000,0.000000,
233.000,ARRIVED,2625,1,7,18,8.843,310.103,3.102,1.000,0.000000,
233.000,ARRIVED,2626,1,10,8,3.715,255.386,7.386,1.000,0.000000,
233.000,ARRIVED,2627,2,4,10,9.242,322.750,2.360,1.000,0.000000,
233.000,ARRIVED,2628,2,2,20,9.729,258.213,5.792,2.573,0.000000,
233.000,ARRIVED,2629,3,7,6,4.684,312.609,2.537,1.000,0.000000,
233.000,ARRIVED,2630,3,9,5,8.958,326.552,2.052,1.000,0.000000,
233.000,ARRIVED,2631,3,5,6,3.194,346.312,4.290,1.000,0.000000,
233.000,ARRIVED,2632,3,2,15,3.367,311.506,6.422,1.000,0.000000,
233.000,ARRIVED,2633,4,1,5,2.143,267.251,5.022,1.000,0.000000,
233.000,ARRIVED,2634,4,1,15,9.620,276.183,7.718,1.000,0.000000,
233.000,ARRIVED,2635,4,5,16,6.260,340.334,2.896,1.825,0.000000,
234.000,ARRIVED,2636,0,4,1,7.654,318.317,3.590,1.000,0.000000,
234.000,ARRIVED,2637,0,2,2,2.087,259.222,7.373,1.812,0.000000,
234.000,ARRIVED,2638,1,7,9,6.184,260.292,5.760,1.000,0.000000,
234.000,ARRIVED,2639,1,3,15,6.395,254.566,3.655,1.000,0.000000,
234.000,ARRIVED,2640,1,4,13,1.595,258.244,3.296,1.000,0.000000,
234.000,ARRIVED,2641,2,6,2,4.029,331.633,2.431,1.000,0.000000,
234.000,ARRIVED,2642,3,1,8,1.859,351.837,4.735,1.000,0.000000,
234.000,ARRIVED,2643,4,3,19,6.460,294.560,4.168,1.000,0.000000,
234.000,ARRIVED,2644,4,2,6,3.695,269.489,6.130,1.000,0.000000,
234.000,ARRIVED,2645,4,10,6,5.564,281.190,3.590,1.000,0.000000,
234.108,FINISHED,313,2,2,13,4.000,137.212,2.295,1.000,0.000000,
234.108,STARTED,314,2,7,9,7.319,89.780,7.365,1.000,0.000000,observed_rate=1.000
234.597,FINISHED,391,0,8,17,9.360,90.200,7.755,2.402,0.000000,
234.597,STARTED,400,0,5,4,5.412,87.088,4.014,1.000,0.000000,observed_rate=2.000
235.000,ARRIVED,2646,0,7,13,1.669,278.035,4.527,1.000,0.000000,
235.000,ARRIVED,2647,1,2,4,2.429,274.369,6.500,1.773,0.000000,
235.000,ARRIVED,2648,3,1,5,4.276,262.384,2.576,1.000,0.000000,
235.000,ARRIVED,2649,3,3,18,7.165,354.983,6.271,1.000,0.000000,
235.000,ARRIVED,2650,3,10,16,7.852,335.434,6.913,1.000,0.000000,
235.000,ARRIVED,2651,3,3,14,6.982,354.497,6.758,1.000,0.000000,
235.000,ARRIVED,2652,4,7,11,9.511,342.391,2.235,2.533,0.000000,
235.000,ARRIVED,2653,4,1,5,7.838,341.519,4.926,1.535,0.000000,
235.222,FINISHED,176,4,2,3,9.153,36.566,6.970,1.000,0.000000,
235.222,STARTED,177,4,10,14,7.751,41.740,6.703,1.000,0.000000,observed_rate=2.000
235.506,FINISHED,227,1,7,7,2.970,74.732,5.803,1.000,0.000000,
235.506,STARTED,235,1,5,5,2.904,117.605,7.691,1.000,0.000000,observed_rate=1.000
236.000,ARRIVED,2654,1,4,10,6.082,332.868,7.626,1.000,0.000000,
236.000,ARRIVED,2655,1,1,15,5.891,266.333,5.241,1.000,0.000000,
236.000,ARRIVED,2656,1,4,1,9.969,295.170,3.826,1.000,0.000000,
236.000,ARRIVED,2657,1,7,5,7.524,289.478,6.409,1.000,0.000000,
236.000,ARRIVED,2658,1,2,19,3.509,353.104,5.173,1.000,0.000000,
236.000,ARRIVED,2659,1,2,9,9.627,304.499,5.279,1.000,0.000000,
236.000,ARRIVED,2660,2,8,7,1.289,345.555,6.163,1.000,0.000000,
236.000,ARRIVED,2661,2,1,6,8.291,301.629,2.927,1.000,0.000000,
236.000,ARRIVED,2662,3,6,12,3.652,336.001,7.817,1.000,0.000000,
236.000,ARRIVED,2663,3,9,18,4.117,285.672,4.290,2.073,0.000000,
236.000,ARRIVED,2664,3,7,19,6.938,345.683,5.337,1.000,0.000000,
236.000,ARRIVED,2665,3,2,6,7.510,312.988,5.143,2.454,0.000000,
236.000,ARRIVED,2666,4,1,6,5.971,318.402,6.464,1.000,0.000000,
236.000,ARRIVED,2667,4,4,13,1.549,307.504,2.520,1.000,0.000000,
236.000,ARRIVED,2668,4,6,17,8.682,281.306,2.762,1.000,0.000000,
236.000,ARRIVED,2669,4,2,16,3.205,352.804,2.097,1.000,0.000000,
236.043,FINISHED,232,3,4,7,1.437,65.162,4.603,1.000,0.000000,
236.043,STARTED,233,3,10,18,5.642,51.054,7.178,1.000,0.000000,observed_rate=4.000
237.000,ARRIVED,2670,0,4,5,1.756,310.015,4.143,1.000,0.000000,
237.000,ARRIVED,2671,0,10,14,1.394,346.565,4.634,1.000,0.000000,
237.000,ARRIVED,2672,1,7,11,3.157,354.526,4.201,1.000,0.000000,
237.000,ARRIVED,2673,3,5,4,2.491,270.148,2.714,1.000,0.000000,
237.000,ARRIVED,2674,3,9,12,9.974,270.353,4.009,1.000,0.000000,
237.000,ARRIVED,2675,3,1,19,5.013,279.698,2.378,1.000,0.000000,
237.000,ARRIVED,2676,3,3,16,6.116,259.578,6.455,1.000,0.000000,
237.000,ARRIVED,2677,4,8,3,1.619,346.301,4.395,1.000,0.000000,
237.000,ARRIVED,2678,4,6,8,5.933,332.872,4.031,2.739,0.000000,
237.000,ARRIVED,2679,4,3,19,3.942,354.588,2.424,1.667,0.000000,
237.000,ARRIVED,2680,4,2,13,6.831,338.708,7.648,1.000,0.000000,
238.000,ARRIVED,2681,0,3,2,7.994,268.560,4.422,1.000,0.000000,
238.000,ARRIVED,2682,0,4,3,1.444,305.259,7.383,1.000,0.000000,
238.000,ARRIVED,2683,1,6,20,4.227,347.361,2.633,1.000,0.000000,
238.000,ARRIVED,2684,2,6,12,3.059,349.848,7.263,1.000,0.000000,
238.000,ARRIVED,2685,2,2,17,5.933,326.135,2.348,1.000,0.000000,
238.000,ARRIVED,2686,2,6,20,6.733,355.049,2.911,1.000,0.000000,
238.000,ARRIVED,2687,3,2,13,7.914,353.100,2.376,2.307,0.000000,
238.000,ARRIVED,2688,3,2,12,8.711,332.011,7.220,1.000,0.000000,
238.000,ARRIVED,2689,3,5,20,5.663,306.760,7.853,1.000,0.000000,
238.000,ARRIVED,2690,3,4,14,8.122,354.675,4.929,2.519,0.000000,
238.000,ARRIVED,2691,4,5,12,3.236,294.498,5.607,1.900,0.000000,
238.000,ARRIVED,2692,4,8,4,6.303,299.425,4.371,1.000,0.000000,
238.000,ARRIVED,2693,4,10,1,3.567,312.947,3.035,1.000,0.000000,
238.000,ARRIVED,2694,4,1,6,8.416,295.126,2.664,1.000,0.000000,
238.611,FINISHED,400,0,5,4,5.412,87.088,4.014,1.000,0.000000,
238.611,STARTED,430,0,4,1,4.901,63.837,7.032,1.000,0.000000,observed_rate=2.000
239.000,ARRIVED,2695,1,10,20,6.018,302.957,3.885,1.507,0.000000,
239.000,ARRIVED,2696,1,5,12,1.105,261.145,7.458,2.034,0.000000,
239.000,ARRIVED,2697,2,7,5,3.230,343.395,7.738,2.586,0.000000,
239.000,ARRIVED,2698,2,7,10,2.479,316.339,2.677,1.751,0.000000,
239.000,ARRIVED,2699,2,1,8,5.538,295.849,7.252,2.199,0.000000,
239.000,ARRIVED,2700,3,10,16,3.215,349.287,4.296,1.000,0.000000,
239.000,ARRIVED,2701,3,4,8,9.339,342.387,5.758,2.393,0.000000,
239.000,ARRIVED,2702,3,6,11,6.696,305.704,7.865,1.000,0.000000,
239.000,ARRIVED,2703,3,4,16,9.060,297.754,3.787,1.000,0.000000,
239.000,ARRIVED,2704,3,10,8,6.601,311.112,5.333,1.000,0.000000,
239.000,ARRIVED,2705,4,8,13,5.981,303.256,3.530,1.000,0.000000,
239.000,ARRIVED,2706,4,3,17,1.980,274.343,2.576,2.446,0.000000,
239.000,ARRIVED,2707,4,7,18,6.167,278.020,7.362,1.000,0.000000,
239.000,ARRIVED,2708,4,3,9,7.563,291.190,5.648,2.721,0.000000,
240.000,ARRIVED,2709,1,1,6,6.717,351.020,6.341,1.000,0.000000,
240.000,ARRIVED,2710,2,8,10,6.094,327.719,6.919,1.819,0.000000,
240.000,ARRIVED,2711,2,6,1,6.250,306.973,5.132,2.117,0.000000,
240.000,ARRIVED,2712,3,9,17,7.158,263.511,7.434,1.746,0.000000,
240.000,ARRIVED,2713,3,1,7,2.410,313.972,4.785,1.000,0.000000,
240.000,ARRIVED,2714,3,9,2,1.998,265.131,2.942,1.000,0.000000,
240.000,ARRIVED,2715,3,1,8,7.318,311.642,4.587,2.169,0.000000,
240.000,ARRIVED,2716,3,1,15,9.019,322.902,4.201,1.000,0.000000,
240.000,ARRIVED,2717,4,3,7,4.335,321.475,7.060,1.000,0.000000,
240.000,ARRIVED,2718,4,5,8,8.325,264.295,3.830,1.000,0.000000,
240.000,ARRIVED,2719,4,6,19,2.161,294.813,6.027,1.000,0.000000,
240.000,ARRIVED,2720,4,8,5,2.927,341.591,3.736,1.000,0.000000,
241.000,ARRIVED,2721,1,2,13,2.811,351.541,6.354,1.000,0.000000,
241.000,ARRIVED,2722,2,8,10,6.840,269.869,3.626,1.000,0.000000,
241.000,ARRIVED,2723,3,5,9,5.062,269.057,2.114,1.000,0.000000,
241.000,ARRIVED,2724,3,2,6,5.937,319.677,5.772,1.000,0.000000,
241.000,ARRIVED,2725,3,4,17,6.413,319.228,7.003,1.000,0.000000,
241.000,ARRIVED,2726,4,10,4,7.046,261.310,5.061,1.000,0.000000,
241.000,ARRIVED,2727,4,8,16,2.285,342.265,3.258,1.000,0.000000,
241.000,ARRIVED,2728,4,4,5,8.144,335.884,7.568,1.000,0.000000,
241.000,ARRIVED,2729,4,8,7,3.026,285.905,2.383,1.000,0.000000,
241.000,ARRIVED,2730,4,9,16,4.560,274.569,5.031,1.932,0.000000,
241.472,FINISHED,314,2,7,9,7.319,89.780,7.365,1.000,0.000000,
241.472,STARTED,315,2,3,14,5.577,109.982,6.671,1.000,0.000000,observed_rate=1.000
241.925,FINISHED,177,4,10,14,7.751,41.740,6.703,1.000,0.000000,
241.925,STARTED,184,4,3,17,7.163,82.125,7.727,1.000,0.000000,observed_rate=5.000
242.000,ARRIVED,2731,1,5,4,3.686,344.146,4.162,1.000,0.000000,
242.000,ARRIVED,2732,1,5,2,4.535,317.169,6.372,1.000,0.000000,
242.000,ARRIVED,2733,2,9,12,3.709,324.591,6.974,1.931,0.000000,
242.000,ARRIVED,2734,3,2,9,8.880,316.979,2.739,1.000,0.000000,
242.000,ARRIVED,2735,3,2,19,6.022,289.019,4.095,2.221,0.000000,
242.000,ARRIVED,2736,4,10,18,9.049,342.680,6.625,1.903,0.000000,
242.000,ARRIVED,2737,4,4,15,9.828,300.604,3.639,1.000,0.000000,
242.000,ARRIVED,2738,4,4,7,3.954,289.667,5.211,1.000,0.000000,
243.000,ARRIVED,2739,0,8,18,7.122,326.109,3.496,1.000,0.000000,
243.000,ARRIVED,2740,0,3,15,9.665,331.057,3.270,1.588,0.000000,
243.000,ARRIVED,2741,1,6,7,1.852,273.328,5.616,1.000,0.000000,
243.000,ARRIVED,2742,2,5,6,5.747,263.272,6.058,1.000,0.000000,
243.000,ARRIVED,2743,3,5,1,8.179,302.551,7.948,2.392,0.000000,
243.000,ARRIVED,2744,3,1,13,5.849,286.904,2.516,2.897,0.000000,
243.000,ARRIVED,2745,3,1,18,1.951,360.570,6.409,1.000,0.000000,
243.000,ARRIVED,2746,3,8,20,3.198,314.809,6.706,1.000,0.000000,
243.000,ARRIVED,2747,3,4,5,2.609,333.223,7.288,1.000,0.000000,
243.000,ARRIVED,2748,4,6,18,2.498,295.225,6.985,1.000,0.000000,
243.000,ARRIVED,2749,4,6,13,4.867,308.114,6.337,1.555,0.000000,
243.000,ARRIVED,2750,4,2,13,2.626,330.772,5.491,1.000,0.000000,
243.000,ARRIVED,2751,4,4,2,3.609,350.753,6.313,1.000,0.000000,
243.000,ARRIVED,2752,4,8,7,2.520,266.005,7.573,1.000,0.000000,
243.197,FINISHED,235,1,5,5,2.904,117.605,7.691,1.000,0.000000,
243.197,STARTED,236,1,3,12,1.093,117.542,2.658,1.000,0.000000,observed_rate=1.000
243.221,FINISHED,233,3,10,18,5.642,51.054,7.178,1.000,0.000000,
243.221,STARTED,241,3,2,11,7.550,140.671,4.836,1.000,0.000000,observed_rate=5.000
244.000,ARRIVED,2753,0,7,4,1.413,334.971,5.614,1.000,0.000000,
244.000,ARRIVED,2754,1,5,7,1.256,342.268,5.908,1.000,0.000000,
244.000,ARRIVED,2755,2,4,7,3.241,336.464,3.619,2.358,0.000000,
244.000,ARRIVED,2756,2,1,5,2.590,325.500,4.583,2.327,0.000000,
244.000,ARRIVED,2757,3,4,3,7.210,318.380,2.007,1.794,0.000000,
244.000,ARRIVED,2758,3,2,17,8.036,316.734,6.777,1.000,0.000000,
244.000,ARRIVED,2759,4,9,2,1.502,274.528,7.899,1.000,0.000000,
244.000,ARRIVED,2760,4,7,16,4.785,271.283,2.276,1.000,0.000000,
244.000,ARRIVED,2761,4,6,7,3.520,353.876,3.260,1.000,0.000000,
244.000,ARRIVED,2762,4,1,14,7.304,318.670,6.530,2.136,0.000000,
245.000,ARRIVED,2763,0,7,3,5.279,315.053,5.804,1.000,0.000000,
245.000,ARRIVED,2764,1,8,18,2.736,283.303,7.219,1.000,0.000000,
245.000,ARRIVED,2765,2,5,20,2.819,330.043,7.791,1.000,0.000000,
245.000,ARRIVED,2766,2,6,1,1.294,332.237,4.618,1.000,0.000000,
245.000,ARRIVED,2767,2,10,18,1.709,313.393,2.292,1.790,0.000000,
245.000,ARRIVED,2768,3,1,6,3.930,345.858,7.798,2.816,0.000000,
245.000,ARRIVED,2769,4,1,13,1.306,323.945,7.689,1.656,0.000000,
245.000,ARRIVED,2770,4,5,16,2.637,276.626,3.005,1.000,0.000000,
245.000,ARRIVED,2771,4,6,15,8.520,273.327,3.163,1.000,0.000000,
245.000,ARRIVED,2772,4,7,2,3.316,350.136,2.578,2.996,0.000000,
245.000,ARRIVED,2773,4,5,6,2.754,321.358,5.778,1.000,0.000000,
245.643,FINISHED,430,0,4,1,4.901,63.837,7.032,1.000,0.000000,
245.643,STARTED,537,0,10,2,6.408,90.968,4.477,1.900,0.000000,observed_rate=1.000
245.855,FINISHED,236,1,3,12,1.093,117.542,2.658,1.000,0.000000,
245.855,STARTED,247,1,6,18,3.500,71.380,4.076,1.741,0.000000,observed_rate=1.000
246.000,ARRIVED,2774,1,3,8,7.867,356.302,2.291,1.000,0.000000,
246.000,ARRIVED,2775,2,4,9,1.254,351.350,2.065,1.731,0.000000,
246.000,ARRIVED,2776,2,2,8,4.027,330.814,5.363,1.000,0.000000,
246.000,ARRIVED,2777,2,1,4,7.171,279.113,5.242,1.000,0.000000,
246.000,ARRIVED,2778,2,4,16,2.729,273.575,2.878,1.652,0.000000,
246.000,ARRIVED,2779,2,1,16,3.221,283.342,6.928,2.647,0.000000,
246.000,ARRIVED,2780,3,4,2,4.447,329.921,3.338,1.000,0.000000,
246.000,ARRIVED,2781,3,5,4,1.551,317.131,5.676,2.956,0.000000,
246.000,ARRIVED,2782,3,2,5,1.346,304.805,5.322,1.533,0.000000,
246.000,ARRIVED,2783,3,9,5,6.231,333.636,5.820,2.434,0.000000,
246.000,ARRIVED,2784,3,2,12,1.461,282.724,3.619,1.000,0.000000,
246.000,ARRIVED,2785,3,8,15,1.220,268.305,2.954,1.000,0.000000,
246.000,ARRIVED,2786,4,2,12,6.184,328.370,7.114,1.000,0.000000,
247.000,ARRIVED,2787,1,8,15,9.478,295.073,6.428,1.000,0.000000,
247.000,ARRIVED,2788,1,3,3,8.194,364.182,7.967,1.000,0.000000,
247.000,ARRIVED,2789,2,9,4,5.545,322.692,2.029,1.000,0.000000,
247.000,ARRIVED,2790,3,2,19,7.351,278.785,4.828,1.000,0.000000,
247.000,ARRIVED,2791,3,6,4,8.002,287.892,5.487,1.000,0.000000,
247.000,ARRIVED,2792,3,9,5,2.393,276.354,4.987,2.690,0.000000,
247.000,ARRIVED,2793,4,5,14,4.586,350.334,4.022,1.000,0.000000,
247.000,ARRIVED,2794,4,1,20,3.711,337.696,2.571,1.000,0.000000,
247.000,ARRIVED,2795,4,3,12,7.828,335.137,3.058,1.000,0.000000,
248.000,ARRIVED,2796,1,9,4,8.662,335.509,6.038,1.000,0.000000,
248.000,ARRIVED,2797,3,9,4,8.724,306.713,5.788,1.000,0.000000,
248.000,ARRIVED,2798,3,4,6,8.924,275.536,4.331,1.000,0.000000,
248.000,ARRIVED,2799,3,5,2,5.261,287.387,4.262,1.000,0.000000,
248.000,ARRIVED,2800,3,7,13,8.309,277.211,2.060,2.391,0.000000,
248.000,ARRIVED,2801,4,4,19,8.253,292.496,7.611,1.000,0.000000,
248.000,ARRIVED,2802,4,2,9,4.704,299.667,4.799,1.000,0.000000,
248.000,ARRIVED,2803,4,6,16,3.078,310.066,3.659,1.000,0.000000,
248.000,ARRIVED,2804,4,7,14,3.648,293.527,4.429,2.216,0.000000,
248.000,ARRIVED,2805,4,8,2,4.664,304.137,4.242,1.000,0.000000,
248.057,FINISHED,241,3,2,11,7.550,140.671,4.836,1.000,0.000000,
248.057,STARTED,242,3,7,12,9.664,139.907,2.779,2.281,0.000000,observed_rate=4.000
248.057,OFFLOADED,243,3,10,4,6.481,89.914,3.012,1.633,0.000000,trigger=REACTIVE;observed_rate=4.000;smoothed_rate=3.604;predicted_queue=652.000;deadline_risk=false;decision_score=0.000000;offload_count=1;destination_node=-1;destination_policy=DROP
248.057,OFFLOADED,244,3,6,11,7.311,114.362,7.930,2.840,0.000000,trigger=REACTIVE;observed_rate=4.000;smoothed_rate=3.604;predicted_queue=652.000;deadline_risk=false;decision_score=0.000000;offload_count=1;destination_node=-1;destination_policy=DROP
248.057,OFFLOADED,250,3,4,1,2.163,45.239,2.600,2.164,0.000000,trigger=REACTIVE;observed_rate=4.000;smoothed_rate=3.604;predicted_queue=652.000;deadline_risk=false;decision_score=0.000000;offload_count=1;destination_node=-1;destination_policy=DROP
248.057,OFFLOADED,251,3,6,10,3.924,131.166,5.781,1.000,0.000000,trigger=REACTIVE;observed_rate=4.000;smoothed_rate=3.604;predicted_queue=652.000;deadline_risk=false;decision_score=0.000000;offload_count=1;destination_node=-1;destination_policy=DROP
248.057,OFFLOADED,265,3,10,1,7.019,74.173,4.004,1.000,0.000000,trigger=REACTIVE;observed_rate=4.000;smoothed_rate=3.604;predicted_queue=652.000;deadline_risk=false;decision_score=0.000000;offload_count=1;destination_node=-1;destination_policy=DROP
248.143,FINISHED,315,2,3,14,5.577,109.982,6.671,1.000,0.000000,
248.143,STARTED,316,2,3,9,9.725,132.915,3.019,1.000,0.000000,observed_rate=0.000
249.000,ARRIVED,2806,0,2,17,7.520,329.319,7.749,1.000,0.000000,
249.000,ARRIVED,2807,1,2,1,4.368,312.010,5.539,1.000,0.000000,
249.000,ARRIVED,2808,2,7,20,5.908,364.256,2.578,1.000,0.000000,
249.000,ARRIVED,2809,2,4,10,4.192,368.965,3.359,1.000,0.000000,
249.000,ARRIVED,2810,2,1,14,9.578,355.951,7.523,1.000,0.000000,
249.000,ARRIVED,2811,2,2,6,5.089,312.545,2.933,2.911,0.000000,
249.000,ARRIVED,2812,3,1,5,6.449,275.896,6.647,1.000,0.000000,
249.000,ARRIVED,2813,4,3,5,6.374,311.920,2.663,1.000,0.000000,
249.000,ARRIVED,2814,4,10,12,2.105,345.405,5.591,1.000,0.000000,
249.000,ARRIVED,2815,4,6,8,6.109,330.037,2.684,1.000,0.000000,
249.000,ARRIVED,2816,4,7,18,5.292,341.564,4.350,1.000,0.000000,
249.652,FINISHED,184,4,3,17,7.163,82.125,7.727,1.000,0.000000,
249.652,STARTED,185,4,4,13,1.120,135.013,5.933,1.575,0.000000,observed_rate=4.000
249.652,OFFLOADED,186,4,9,7,5.505,96.023,3.016,1.549,0.000000,trigger=REACTIVE;observed_rate=4.000;smoothed_rate=3.850;predicted_queue=937.000;deadline_risk=false;decision_score=0.000000;offload_count=1;destination_node=-1;destination_policy=DROP
249.652,OFFLOADED,187,4,2,16,8.987,106.380,3.377,1.000,0.000000,trigger=REACTIVE;observed_rate=4.000;smoothed_rate=3.850;predicted_queue=937.000;deadline_risk=false;decision_score=0.000000;offload_count=1;destination_node=-1;destination_policy=DROP
249.652,OFFLOADED,188,4,10,18,4.968,67.341,2.508,2.079,0.000000,trigger=REACTIVE;observed_rate=4.000;smoothed_rate=3.850;predicted_queue=937.000;deadline_risk=false;decision_score=0.000000;offload_count=1;destination_node=-1;destination_policy=DROP
249.652,OFFLOADED,196,4,9,13,5.748,127.525,7.529,1.000,0.000000,trigger=REACTIVE;observed_rate=4.000;smoothed_rate=3.850;predicted_queue=937.000;deadline_risk=false;decision_score=0.000000;offload_count=1;destination_node=-1;destination_policy=DROP
249.652,OFFLOADED,197,4,3,20,8.842,79.437,4.369,1.000,0.000000,trigger=REACTIVE;observed_rate=4.000;smoothed_rate=3.850;predicted_queue=937.000;deadline_risk=false;decision_score=0.000000;offload_count=1;destination_node=-1;destination_policy=DROP
250.000,ARRIVED,2817,1,1,16,8.772,358.587,7.150,1.000,0.000000,
250.000,ARRIVED,2818,1,6,14,2.400,282.228,6.695,1.000,0.000000,
250.000,ARRIVED,2819,2,7,2,5.512,366.876,6.974,1.000,0.000000,
250.000,ARRIVED,2820,2,2,17,6.783,349.206,7.542,2.042,0.000000,
250.000,ARRIVED,2821,2,2,14,3.510,301.620,6.290,1.731,0.000000,
250.000,ARRIVED,2822,2,2,9,5.663,327.545,4.608,2.652,0.000000,
250.000,ARRIVED,2823,2,9,19,6.789,317.243,3.004,1.000,0.000000,
250.000,ARRIVED,2824,2,7,10,2.070,361.338,4.883,1.932,0.000000,
250.000,ARRIVED,2825,3,4,15,2.955,294.100,2.507,2.225,0.000000,
250.000,ARRIVED,2826,3,8,18,2.767,286.883,4.930,1.000,0.000000,
250.000,ARRIVED,2827,3,2,1,6.885,316.249,4.423,1.687,0.000000,
250.000,ARRIVED,2828,4,6,10,6.091,282.079,7.824,1.000,0.000000,
250.000,ARRIVED,2829,4,3,3,8.645,278.481,3.890,1.000,0.000000,
251.000,ARRIVED,2830,1,1,15,8.801,281.006,2.150,1.000,0.000000,
251.000,ARRIVED,2831,1,10,8,4.131,317.837,3.323,1.000,0.000000,
251.000,ARRIVED,2832,1,3,1,3.227,302.825,5.780,2.777,0.000000,
251.000,ARRIVED,2833,1,9,16,9.092,299.845,4.654,2.875,0.000000,
251.000,ARRIVED,2834,1,9,11,3.531,288.746,4.478,1.000,0.000000,
251.000,ARRIVED,2835,2,9,9,2.866,352.875,6.761,1.000,0.000000,
251.000,ARRIVED,2836,3,9,20,9.731,319.834,7.821,1.736,0.000000,
251.000,ARRIVED,2837,3,10,1,1.241,274.142,2.768,1.000,0.000000,
251.000,ARRIVED,2838,3,3,11,2.172,299.314,3.774,2.874,0.000000,
251.000,ARRIVED,2839,3,4,19,2.940,342.026,5.599,1.000,0.000000,
251.000,ARRIVED,2840,4,3,13,4.925,368.735,3.918,1.000,0.000000,
251.000,ARRIVED,2841,4,8,17,9.179,324.791,6.462,1.000,0.000000,
251.000,ARRIVED,2842,4,2,2,2.651,355.156,6.187,1.963,0.000000,
251.000,ARRIVED,2843,4,8,9,5.453,291.806,7.451,1.688,0.000000,
251.000,ARRIVED,2844,4,4,4,8.419,289.960,5.405,1.000,0.000000,
251.163,FINISHED,316,2,3,9,9.725,132.915,3.019,1.000,0.000000,
251.163,STARTED,323,2,2,19,5.869,116.274,6.291,1.000,0.000000,observed_rate=1.000
252.000,ARRIVED,2845,2,2,1,3.722,303.922,7.600,1.000,0.000000,
252.000,ARRIVED,2846,2,10,14,9.474,334.660,6.154,1.000,0.000000,
252.000,ARRIVED,2847,2,10,11,7.957,346.298,5.296,1.000,0.000000,
252.000,ARRIVED,2848,2,5,6,4.985,297.210,2.882,2.850,0.000000,
252.000,ARRIVED,2849,3,1,16,9.401,351.692,3.492,1.000,0.000000,
252.000,ARRIVED,2850,4,6,15,1.478,301.270,6.198,1.000,0.000000,
252.950,FINISHED,247,1,6,18,3.500,71.380,4.076,1.741,0.000000,
252.950,STARTED,248,1,5,3,4.251,119.410,3.921,1.000,0.000000,observed_rate=0.000
253.000,ARRIVED,2851,1,6,8,1.274,369.297,4.401,1.000,0.000000,
253.000,ARRIVED,2852,2,9,10,6.089,342.336,6.810,1.000,0.000000,
253.000,ARRIVED,2853,3,7,5,2.348,349.048,7.758,1.000,0.000000,
253.000,ARRIVED,2854,3,6,1,7.159,274.604,5.087,1.000,0.000000,
253.000,ARRIVED,2855,3,8,4,2.001,276.582,7.660,1.000,0.000000,
253.000,ARRIVED,2856,3,4,18,1.599,333.969,4.146,1.000,0.000000,
253.000,ARRIVED,2857,3,2,16,4.879,286.184,3.441,1.000,0.000000,
253.000,ARRIVED,2858,4,9,2,3.469,340.608,4.982,1.000,0.000000,
253.000,ARRIVED,2859,4,4,6,2.128,348.521,6.871,1.000,0.000000,
253.000,ARRIVED,2860,4,4,14,3.662,299.328,7.748,1.000,0.000000,
253.000,ARRIVED,2861,4,6,12,9.721,344.856,3.671,1.000,0.000000,
254.000,ARRIVED,2862,1,7,11,8.001,333.196,4.829,2.424,0.000000,
254.000,ARRIVED,2863,1,5,2,1.800,318.267,3.240,1.000,0.000000,
254.000,ARRIVED,2864,2,6,14,1.869,361.915,3.236,2.557,0.000000,
254.000,ARRIVED,2865,2,4,4,9.395,363.669,2.255,1.000,0.000000,
254.000,ARRIVED,2866,3,1,1,6.642,356.891,7.879,1.813,0.000000,
254.000,ARRIVED,2867,3,5,19,5.611,297.529,6.107,1.000,0.000000,
254.000,ARRIVED,2868,3,4,1,2.855,311.760,7.709,1.000,0.000000,
254.000,ARRIVED,2869,4,1,19,1.081,326.800,3.020,1.000,0.000000,
254.000,ARRIVED,2870,4,10,17,3.880,331.075,6.145,1.000,0.000000,
254.151,FINISHED,537,0,10,2,6.408,90.968,4.477,1.900,0.000000,
254.151,STARTED,547,0,1,3,9.803,131.129,4.489,2.769,0.000000,observed_rate=0.000
254.396,FINISHED,242,3,7,12,9.664,139.907,2.779,2.281,0.000000,
254.396,STARTED,266,3,7,4,3.450,47.930,2.009,1.000,0.000000,observed_rate=3.000
255.000,ARRIVED,2871,1,6,1,3.852,314.981,7.781,1.000,0.000000,
255.000,ARRIVED,2872,1,5,2,4.310,326.428,2.598,2.214,0.000000,
255.000,ARRIVED,2873,1,5,10,6.680,318.352,7.007,1.000,0.000000,
255.000,ARRIVED,2874,3,8,14,5.745,345.082,7.111,2.634,0.000000,
255.000,ARRIVED,2875,3,1,12,8.096,286.911,5.280,1.000,0.000000,
255.000,ARRIVED,2876,3,4,8,4.583,328.772,3.004,1.000,0.000000,
255.000,ARRIVED,2877,4,8,6,2.991,343.441,5.271,1.000,0.000000,
255.000,ARRIVED,2878,4,1,11,2.425,330.069,5.752,2.993,0.000000,
255.000,ARRIVED,2879,4,9,18,6.016,292.437,5.945,1.000,0.000000,
256.000,ARRIVED,2880,0,7,3,1.404,302.026,3.905,2.598,0.000000,
256.000,ARRIVED,2881,0,9,15,1.653,367.097,2.716,1.000,0.000000,
256.000,ARRIVED,2882,1,7,13,4.370,299.753,6.021,1.000,0.000000,
256.000,ARRIVED,2883,1,9,18,1.150,343.131,6.149,1.000,0.000000,
256.000,ARRIVED,2884,1,4,1,9.990,341.609,6.253,1.000,0.000000,
256.000,ARRIVED,2885,1,10,8,5.465,323.810,4.889,1.000,0.000000,
256.000,ARRIVED,2886,2,5,13,4.767,328.828,4.538,1.000,0.000000,
256.000,ARRIVED,2887,2,10,1,2.408,332.523,5.979,1.000,0.000000,
256.000,ARRIVED,2888,2,10,7,8.304,302.495,5.180,1.000,0.000000,
256.000,ARRIVED,2889,3,4,13,3.159,339.395,5.418,1.000,0.000000,
256.000,ARRIVED,2890,3,6,1,4.680,325.799,5.527,1.000,0.000000,
256.000,ARRIVED,2891,3,5,3,2.152,365.850,4.934,1.618,0.000000,
256.000,ARRIVED,2892,3,3,10,3.664,318.813,3.133,1.000,0.000000,
256.000,ARRIVED,2893,4,5,5,8.424,353.167,7.950,1.630,0.000000,
256.000,ARRIVED,2894,4,2,16,2.843,312.814,7.243,1.000,0.000000,
256.000,ARRIVED,2895,4,4,3,5.530,359.650,7.505,1.000,0.000000,
256.000,ARRIVED,2896,4,2,10,7.219,277.568,7.417,1.000,0.000000,
256.000,ARRIVED,2897,4,1,17,2.213,336.785,6.094,1.000,0.000000,
256.000,ARRIVED,2898,4,5,8,8.697,370.641,2.338,1.000,0.000000,
256.000,ARRIVED,2899,4,3,16,4.864,352.846,2.395,1.811,0.000000,
256.000,ARRIVED,2900,4,6,12,9.799,356.924,2.058,1.000,0.000000,
256.000,ARRIVED,2901,4,2,17,7.674,343.285,7.140,1.000,0.000000,
256.406,FINISHED,266,3,7,4,3.450,47.930,2.009,1.000,0.000000,
256.406,STARTED,271,3,7,19,7.976,53.760,4.673,1.000,0.000000,observed_rate=4.000
256.870,FINISHED,248,1,5,3,4.251,119.410,3.921,1.000,0.000000,
256.870,STARTED,249,1,1,12,9.514,116.967,2.556,1.000,0.000000,observed_rate=4.000
257.000,ARRIVED,2902,0,7,18,2.357,300.794,7.436,1.000,0.000000,
257.000,ARRIVED,2903,0,6,16,7.911,355.249,3.734,1.695,0.000000,
257.000,ARRIVED,2904,2,5,15,8.284,294.223,3.538,1.000,0.000000,
257.000,ARRIVED,2905,2,7,16,8.832,320.890,2.475,1.000,0.000000,
257.000,ARRIVED,2906,2,4,14,4.372,350.337,5.722,2.613,0.000000,
257.000,ARRIVED,2907,3,6,15,2.826,343.509,7.728,1.000,0.000000,
257.000,ARRIVED,2908,4,2,14,7.914,330.561,6.203,1.000,0.000000,
257.000,ARRIVED,2909,4,9,2,6.123,313.584,4.591,1.000,0.000000,
257.000,ARRIVED,2910,4,8,2,9.394,335.362,5.382,1.000,0.000000,
257.000,ARRIVED,2911,4,1,17,4.088,339.169,3.221,1.000,0.000000,
257.453,FINISHED,323,2,2,19,5.869,116.274,6.291,1.000,0.000000,
257.453,STARTED,339,2,10,19,5.367,139.702,6.063,1.000,0.000000,observed_rate=3.000
258.000,ARRIVED,2912,0,1,19,2.378,353.923,5.262,1.000,0.000000,
258.000,ARRIVED,2913,1,2,16,8.155,360.689,5.002,1.000,0.000000,
258.000,ARRIVED,2914,1,9,12,6.753,287.711,7.884,1.000,0.000000,
258.000,ARRIVED,2915,2,6,1,3.584,377.169,4.364,1.000,0.000000,
258.000,ARRIVED,2916,2,8,9,3.811,369.651,3.234,1.000,0.000000,
258.000,ARRIVED,2917,2,9,10,2.612,345.275,6.185,1.000,0.000000,
258.000,ARRIVED,2918,3,6,10,4.557,341.827,4.642,1.000,0.000000,
258.000,ARRIVED,2919,4,4,3,1.243,326.039,7.247,1.000,0.000000,
258.000,ARRIVED,2920,4,1,14,3.321,313.651,6.565,1.000,0.000000,
258.000,ARRIVED,2921,4,6,11,7.231,303.117,3.057,1.000,0.000000,
258.998,FINISHED,185,4,4,13,1.120,135.013,5.933,1.575,0.000000,
258.998,STARTED,198,4,3,15,2.180,91.486,4.154,1.000,0.000000,observed_rate=3.000
259.000,ARRIVED,2922,2,8,3,7.695,358.939,5.631,1.000,0.000000,
259.000,ARRIVED,2923,3,1,10,2.833,319.982,3.641,2.296,0.000000,
259.000,ARRIVED,2924,3,2,10,1.472,351.534,6.938,2.835,0.000000,
259.000,ARRIVED,2925,3,10,13,1.255,301.605,4.346,2.776,0.000000,
259.000,ARRIVED,2926,3,5,15,5.518,353.841,3.352,1.000,0.000000,
259.000,ARRIVED,2927,3,5,9,4.003,346.361,6.674,1.000,0.000000,
259.000,ARRIVED,2928,3,3,6,5.248,356.955,5.556,1.000,0.000000,
259.000,ARRIVED,2929,3,9,16,3.119,329.106,3.450,1.000,0.000000,
259.000,ARRIVED,2930,4,1,15,4.014,328.159,7.706,1.845,0.000000,
259.000,ARRIVED,2931,4,10,1,5.382,295.889,7.181,1.000,0.000000,
259.000,ARRIVED,2932,4,7,4,6.836,353.067,6.441,1.000,0.000000,
259.000,ARRIVED,2933,4,10,10,2.863,303.464,3.847,1.000,0.000000,
259.427,FINISHED,249,1,1,12,9.514,116.967,2.556,1.000,0.000000,
259.427,STARTED,256,1,4,8,6.763,136.149,3.850,1.000,0.000000,observed_rate=0.000
260.000,ARRIVED,2934,0,8,10,7.451,366.840,3.383,1.000,0.000000,
260.000,ARRIVED,2935,1,4,13,1.253,319.845,6.397,1.000,0.000000,
260.000,ARRIVED,2936,1,4,3,5.365,337.497,4.166,1.000,0.000000,
260.000,ARRIVED,2937,3,9,12,2.212,281.845,4.908,1.000,0.000000,
260.000,ARRIVED,2938,3,1,20,5.150,375.115,7.246,1.000,0.000000,
260.000,ARRIVED,2939,3,5,15,5.255,350.850,2.656,1.902,0.000000,
260.000,ARRIVED,2940,3,2,9,5.540,363.466,3.256,2.746,0.000000,
260.000,ARRIVED,2941,4,10,18,1.206,379.778,2.619,1.000,0.000000,
260.000,ARRIVED,2942,4,10,17,8.212,314.860,7.551,1.000,0.000000,
260.000,ARRIVED,2943,4,1,12,6.570,349.611,2.715,2.048,0.000000,
260.000,ARRIVED,2944,4,2,1,9.274,370.246,4.027,2.042,0.000000,
261.000,ARRIVED,2945,0,8,1,7.556,345.073,7.376,1.000,0.000000,
261.000,ARRIVED,2946,0,10,1,8.882,321.461,6.036,1.000,0.000000,
261.000,ARRIVED,2947,1,7,15,7.264,337.295,2.123,1.000,0.000000,
261.000,ARRIVED,2948,2,8,14,8.153,324.395,5.493,1.000,0.000000,
261.000,ARRIVED,2949,2,1,4,6.090,368.949,2.957,1.000,0.000000,
261.000,ARRIVED,2950,3,2,20,3.215,290.574,2.503,1.000,0.000000,
261.000,ARRIVED,2951,3,8,16,4.326,319.107,7.485,2.095,0.000000,
261.000,ARRIVED,2952,3,8,11,9.127,352.253,7.044,1.677,0.000000,
261.000,ARRIVED,2953,4,10,19,7.884,375.146,5.995,2.703,0.000000,
261.000,ARRIVED,2954,4,6,12,1.637,281.610,2.035,2.946,0.000000,
261.000,ARRIVED,2955,4,1,7,7.442,329.416,7.891,1.000,0.000000,
261.000,ARRIVED,2956,4,2,3,5.029,312.094,4.007,2.196,0.000000,
261.000,ARRIVED,2957,4,4,7,7.426,357.487,5.957,1.000,0.000000,
261.000,ARRIVED,2958,4,6,13,6.352,328.421,7.611,1.000,0.000000,
261.000,ARRIVED,2959,4,5,4,7.146,291.421,3.999,1.000,0.000000,
261.000,ARRIVED,2960,4,5,17,4.336,281.554,3.692,1.696,0.000000,
261.000,ARRIVED,2961,4,9,4,4.276,285.162,4.942,2.507,0.000000,
261.079,FINISHED,271,3,7,19,7.976,53.760,4.673,1.000,0.000000,
261.079,STARTED,283,3,10,5,3.194,49.724,6.683,2.905,0.000000,observed_rate=3.000
261.079,OFFLOADED,284,3,8,17,4.764,146.877,3.045,1.000,0.000000,trigger=REACTIVE;observed_rate=3.000;smoothed_rate=3.515;predicted_queue=684.000;deadline_risk=false;decision_score=0.000000;offload_count=1;destination_node=-1;destination_policy=DROP
261.079,OFFLOADED,285,3,4,5,6.846,124.993,7.453,1.000,0.000000,trigger=REACTIVE;observed_rate=3.000;smoothed_rate=3.515;predicted_queue=684.000;deadline_risk=false;decision_score=0.000000;offload_count=1;destination_node=-1;destination_policy=DROP
261.079,OFFLOADED,286,3,6,3,6.766,71.129,2.139,1.000,0.000000,trigger=REACTIVE;observed_rate=3.000;smoothed_rate=3.515;predicted_queue=684.000;deadline_risk=false;decision_score=0.000000;offload_count=1;destination_node=-1;destination_policy=DROP
261.079,OFFLOADED,295,3,2,14,5.817,89.962,6.170,1.000,0.000000,trigger=REACTIVE;observed_rate=3.000;smoothed_rate=3.515;predicted_queue=684.000;deadline_risk=false;decision_score=0.000000;offload_count=1;destination_node=-1;destination_policy=DROP
261.079,OFFLOADED,296,3,6,1,3.106,52.670,2.972,1.000,0.000000,trigger=REACTIVE;observed_rate=3.000;smoothed_rate=3.515;predicted_queue=684.000;deadline_risk=false;decision_score=0.000000;offload_count=1;destination_node=-1;destination_policy=DROP
262.000,ARRIVED,2962,2,6,19,1.500,304.620,4.958,1.000,0.000000,
262.000,ARRIVED,2963,2,3,17,7.410,347.961,7.688,1.000,0.000000,
262.000,ARRIVED,2964,2,7,14,5.758,346.014,5.815,2.525,0.000000,
262.000,ARRIVED,2965,2,6,4,7.067,286.874,7.057,2.073,0.000000,
262.000,ARRIVED,2966,4,7,5,6.709,318.947,3.552,1.000,0.000000,
262.000,ARRIVED,2967,4,4,15,8.457,377.371,5.931,1.000,0.000000,
262.000,ARRIVED,2968,4,1,8,2.367,345.464,5.187,1.000,0.000000,
263.000,ARRIVED,2969,0,9,14,1.517,377.487,5.629,1.000,0.000000,
263.000,ARRIVED,2970,0,4,19,1.145,341.919,5.112,2.628,0.000000,
263.000,ARRIVED,2971,0,2,7,8.361,381.281,7.883,1.000,0.000000,
263.000,ARRIVED,2972,1,7,2,5.751,320.730,7.658,1.000,0.000000,
263.000,ARRIVED,2973,2,6,3,4.143,349.899,6.092,1.000,0.000000,
263.000,ARRIVED,2974,2,9,1,3.256,332.176,2.042,1.556,0.000000,
263.000,ARRIVED,2975,2,9,1,9.760,324.917,6.691,1.000,0.000000,
263.000,ARRIVED,2976,3,1,18,6.296,345.714,7.171,1.000,0.000000,
263.000,ARRIVED,2977,4,7,9,9.272,322.465,2.760,2.144,0.000000,
263.000,ARRIVED,2978,4,10,19,9.347,380.060,6.048,1.586,0.000000,
263.000,ARRIVED,2979,4,8,5,4.606,365.073,3.695,1.000,0.000000,
263.000,ARRIVED,2980,4,2,15,5.331,299.734,6.276,1.000,0.000000,
263.000,ARRIVED,2981,4,10,4,7.662,323.709,5.938,1.000,0.000000,
263.000,ARRIVED,2982,4,2,5,5.913,293.115,2.125,1.000,0.000000,
263.000,ARRIVED,2983,4,7,8,3.147,341.807,4.261,1.000,0.000000,
263.000,ARRIVED,2984,4,4,12,1.998,313.201,5.635,1.000,0.000000,
263.000,ARRIVED,2985,4,6,12,8.300,378.030,7.334,1.000,0.000000,
263.152,FINISHED,198,4,3,15,2.180,91.486,4.154,1.000,0.000000,
263.152,STARTED,199,4,1,18,7.874,40.255,3.314,2.494,0.000000,observed_rate=9.000
263.152,OFFLOADED,200,4,2,19,4.708,49.515,3.934,1.000,0.000000,trigger=REACTIVE;observed_rate=9.000;smoothed_rate=6.036;predicted_queue=992.000;deadline_risk=false;decision_score=0.000000;offload_count=1;destination_node=-1;destination_policy=DROP
263.152,OFFLOADED,207,4,1,4,8.081,111.439,3.293,1.000,0.000000,trigger=REACTIVE;observed_rate=9.000;smoothed_rate=6.036;predicted_queue=992.000;deadline_risk=false;decision_score=0.000000;offload_count=1;destination_node=-1;destination_policy=DROP
263.152,OFFLOADED,216,4,3,2,5.363,108.326,5.225,1.000,0.000000,trigger=REACTIVE;observed_rate=9.000;smoothed_rate=6.036;predicted_queue=992.000;deadline_risk=false;decision_score=0.000000;offload_count=1;destination_node=-1;destination_policy=DROP
263.152,OFFLOADED,217,4,7,12,2.979,120.725,3.497,2.021,0.000000,trigger=REACTIVE;observed_rate=9.000;smoothed_rate=6.036;predicted_queue=992.000;deadline_risk=false;decision_score=0.000000;offload_count=1;destination_node=-1;destination_policy=DROP
263.152,OFFLOADED,218,4,6,1,9.899,106.125,5.690,1.000,0.000000,trigger=REACTIVE;observed_rate=9.000;smoothed_rate=6.036;predicted_queue=992.000;deadline_risk=false;decision_score=0.000000;offload_count=1;destination_node=-1;destination_policy=DROP
263.277,FINISHED,256,1,4,8,6.763,136.149,3.850,1.000,0.000000,
263.277,STARTED,257,1,5,14,9.746,100.556,5.478,1.000,0.000000,observed_rate=1.000
263.516,FINISHED,339,2,10,19,5.367,139.702,6.063,1.000,0.000000,
263.516,STARTED,340,2,6,8,4.310,145.195,5.683,1.000,0.000000,observed_rate=3.000
264.000,ARRIVED,2986,0,7,16,3.603,340.268,3.379,1.000,0.000000,
264.000,ARRIVED,2987,0,9,2,7.800,376.584,5.133,2.606,0.000000,
264.000,ARRIVED,2988,2,8,4,5.713,334.857,2.048,1.739,0.000000,
264.000,ARRIVED,2989,2,7,5,5.242,357.419,2.827,1.645,0.000000,
264.000,ARRIVED,2990,2,3,10,8.754,317.631,5.802,1.000,0.000000,
264.000,ARRIVED,2991,3,6,4,2.314,328.874,5.260,2.735,0.000000,
264.000,ARRIVED,2992,3,5,6,3.316,296.785,6.079,1.000,0.000000,
264.000,ARRIVED,2993,3,4,10,6.610,349.407,7.428,1.613,0.000000,
265.000,ARRIVED,2994,2,10,9,1.024,371.083,3.167,1.000,0.000000,
265.000,ARRIVED,2995,2,8,18,4.039,319.236,4.011,1.000,0.000000,
265.000,ARRIVED,2996,3,9,10,5.279,374.701,3.907,1.000,0.000000,
265.000,ARRIVED,2997,3,5,15,3.727,375.252,4.447,2.816,0.000000,
265.000,ARRIVED,2998,3,1,4,4.491,317.390,4.697,1.000,0.000000,
265.000,ARRIVED,2999,3,4,19,2.863,323.659,5.358,2.827,0.000000,
265.000,ARRIVED,3000,4,1,7,9.083,338.025,6.158,1.000,0.000000,
265.000,ARRIVED,3001,4,10,12,6.426,295.570,5.937,2.510,0.000000,
265.000,ARRIVED,3002,4,7,19,4.908,383.800,6.372,1.000,0.000000,
266.000,ARRIVED,3003,0,5,19,3.796,363.310,6.739,1.000,0.000000,
266.000,ARRIVED,3004,1,7,4,1.367,330.574,3.206,1.000,0.000000,
266.000,ARRIVED,3005,2,6,1,8.990,310.806,7.832,1.657,0.000000,
266.000,ARRIVED,3006,2,10,18,8.106,354.513,3.083,1.000,0.000000,
266.000,ARRIVED,3007,3,5,17,5.015,353.477,3.908,1.000,0.000000,
266.000,ARRIVED,3008,4,2,18,7.112,286.900,4.419,1.000,0.000000,
266.000,ARRIVED,3009,4,1,11,3.334,313.957,6.199,1.000,0.000000,
266.000,ARRIVED,3010,4,4,19,5.825,378.804,3.997,1.000,0.000000,
266.583,FINISHED,547,0,1,3,9.803,131.129,4.489,2.769,0.000000,
266.583,STARTED,548,0,6,10,8.916,152.910,3.852,1.000,0.000000,observed_rate=1.000
267.000,ARRIVED,3011,1,9,20,1.618,289.719,5.275,1.000,0.000000,
267.000,ARRIVED,3012,2,6,8,8.429,372.361,3.531,1.000,0.000000,
267.000,ARRIVED,3013,3,2,16,9.730,351.791,4.543,1.000,0.000000,
267.000,ARRIVED,3014,4,1,15,5.850,322.242,4.773,1.000,0.000000,
267.000,ARRIVED,3015,4,7,9,3.179,378.253,2.153,1.000,0.000000,
268.000,ARRIVED,3016,0,8,19,1.411,351.926,7.749,1.000,0.000000,
268.000,ARRIVED,3017,1,10,14,6.292,293.829,2.670,1.000,0.000000,
268.000,ARRIVED,3018,2,4,4,1.754,312.898,4.677,1.000,0.000000,
268.000,ARRIVED,3019,2,1,3,9.529,366.639,3.206,1.000,0.000000,
268.000,ARRIVED,3020,2,8,18,6.311,377.621,2.097,1.000,0.000000,
268.000,ARRIVED,3021,2,9,14,2.517,385.893,2.915,1.000,0.000000,
268.000,ARRIVED,3022,2,9,2,9.983,361.884,4.818,1.000,0.000000,
268.000,ARRIVED,3023,3,3,10,2.145,350.546,5.455,1.000,0.000000,
268.000,ARRIVED,3024,3,8,2,4.341,343.596,6.304,1.000,0.000000,
268.000,ARRIVED,3025,3,5,17,9.658,363.255,5.112,1.000,0.000000,
268.000,ARRIVED,3026,4,7,19,5.256,304.529,4.942,1.000,0.000000,
268.000,ARRIVED,3027,4,10,8,1.046,324.254,4.386,1.000,0.000000,
268.000,ARRIVED,3028,4,3,8,9.693,325.069,5.952,2.772,0.000000,
268.000,ARRIVED,3029,4,2,14,8.675,308.152,6.720,2.373,0.000000,
268.755,FINISHED,257,1,5,14,9.746,100.556,5.478,1.000,0.000000,
268.755,STARTED,258,1,5,9,7.184,69.073,6.131,1.000,0.000000,observed_rate=1.000
269.000,ARRIVED,3030,0,9,17,4.483,332.661,2.998,1.000,0.000000,
269.000,ARRIVED,3031,2,1,8,8.702,294.475,7.156,2.061,0.000000,
269.000,ARRIVED,3032,2,6,20,1.671,330.675,7.117,2.727,0.000000,
269.000,ARRIVED,3033,2,7,15,7.305,296.505,3.706,2.346,0.000000,
269.000,ARRIVED,3034,2,2,4,8.070,377.710,4.473,1.000,0.000000,
269.000,ARRIVED,3035,2,10,8,6.076,346.723,4.049,2.621,0.000000,
269.000,ARRIVED,3036,3,10,18,5.904,384.257,4.217,1.000,0.000000,
269.000,ARRIVED,3037,3,5,20,5.450,327.706,5.315,1.000,0.000000,
269.000,ARRIVED,3038,3,7,4,8.412,385.730,3.257,1.000,0.000000,
269.000,ARRIVED,3039,4,3,7,8.884,387.984,5.715,1.000,0.000000,
269.000,ARRIVED,3040,4,8,3,1.325,369.296,7.394,1.000,0.000000,
269.200,FINISHED,340,2,6,8,4.310,145.195,5.683,1.000,0.000000,
269.200,STARTED,341,2,8,20,6.373,120.287,5.175,1.000,0.000000,observed_rate=5.000
270.000,ARRIVED,3041,0,9,15,9.287,308.255,3.041,1.000,0.000000,
270.000,ARRIVED,3042,1,8,5,8.628,338.943,3.229,2.485,0.000000,
270.000,ARRIVED,3043,2,2,20,4.504,313.379,5.082,1.000,0.000000,
270.000,ARRIVED,3044,2,5,17,1.011,343.548,5.124,1.000,0.000000,
270.000,ARRIVED,3045,2,4,5,1.857,304.473,7.544,1.000,0.000000,
270.000,ARRIVED,3046,3,1,10,7.414,379.709,2.844,1.000,0.000000,
270.000,ARRIVED,3047,3,8,12,4.226,339.544,3.546,1.000,0.000000,
270.000,ARRIVED,3048,4,3,4,4.205,310.643,2.506,1.000,0.000000,
270.000,ARRIVED,3049,4,6,2,4.050,376.843,2.831,1.000,0.000000,
270.000,ARRIVED,3050,4,8,6,1.314,333.376,7.939,1.000,0.000000,
270.435,FINISHED,548,0,6,10,8.916,152.910,3.852,1.000,0.000000,
270.435,STARTED,562,0,9,15,5.701,154.592,2.434,1.000,0.000000,observed_rate=1.000
271.000,ARRIVED,3051,0,1,15,6.943,291.846,6.544,1.000,0.000000,
271.000,ARRIVED,3052,1,5,13,2.612,390.226,3.254,1.000,0.000000,
271.000,ARRIVED,3053,1,6,12,5.504,328.621,3.935,1.666,0.000000,
271.000,ARRIVED,3054,2,1,13,9.225,384.623,6.814,2.153,0.000000,
271.000,ARRIVED,3055,2,9,13,4.561,368.681,5.721,1.000,0.000000,
271.000,ARRIVED,3056,2,5,13,4.254,356.724,5.047,1.000,0.000000,
271.000,ARRIVED,3057,3,2,5,9.398,318.930,4.278,1.000,0.000000,
271.000,ARRIVED,3058,3,4,5,1.064,319.396,5.410,1.000,0.000000,
271.000,ARRIVED,3059,3,4,13,1.011,338.732,6.732,1.000,0.000000,
271.000,ARRIVED,3060,3,4,8,9.445,307.082,5.192,1.000,0.000000,
271.000,ARRIVED,3061,4,3,8,1.019,344.110,7.802,1.000,0.000000,
271.000,ARRIVED,3062,4,8,11,6.550,311.583,4.905,2.036,0.000000,
271.000,ARRIVED,3063,4,7,16,9.350,356.790,2.395,1.000,0.000000,
271.000,ARRIVED,3064,4,8,13,2.564,362.528,5.480,1.000,0.000000,
271.000,ARRIVED,3065,4,3,11,5.179,291.913,5.842,1.000,0.000000,
271.000,ARRIVED,3066,4,9,5,3.937,374.471,7.592,1.000,0.000000,
271.000,ARRIVED,3067,4,2,14,1.384,366.970,4.139,2.238,0.000000,
271.000,ARRIVED,3068,4,7,18,2.765,312.539,2.806,1.000,0.000000,
271.000,ARRIVED,3069,4,2,15,5.224,321.984,5.712,1.000,0.000000,
271.417,FINISHED,199,4,1,18,7.874,40.255,3.314,2.494,0.000000,
271.417,STARTED,223,4,5,3,4.477,111.157,3.284,1.762,0.000000,observed_rate=9.000
271.417,OFFLOADED,224,4,7,6,3.903,58.492,5.722,1.000,0.000000,trigger=REACTIVE;observed_rate=9.000;smoothed_rate=4.785;predicted_queue=1012.000;deadline_risk=false;decision_score=0.000000;offload_count=1;destination_node=-1;destination_policy=DROP
271.417,OFFLOADED,225,4,6,18,4.957,57.529,4.999,1.000,0.000000,trigger=REACTIVE;observed_rate=9.000;smoothed_rate=4.785;predicted_queue=1012.000;deadline_risk=false;decision_score=0.000000;offload_count=1;destination_node=-1;destination_policy=DROP
271.417,OFFLOADED,245,4,7,14,2.123,102.433,7.687,1.000,0.000000,trigger=REACTIVE;observed_rate=9.000;smoothed_rate=4.785;predicted_queue=1012.000;deadline_risk=false;decision_score=0.000000;offload_count=1;destination_node=-1;destination_policy=DROP
271.417,OFFLOADED,252,4,1,3,7.052,68.124,2.574,1.578,0.000000,trigger=REACTIVE;observed_rate=9.000;smoothed_rate=4.785;predicted_queue=1012.000;deadline_risk=false;decision_score=0.000000;offload_count=1;destination_node=-1;destination_policy=DROP
271.417,OFFLOADED,253,4,9,17,7.992,117.950,3.803,1.000,0.000000,trigger=REACTIVE;observed_rate=9.000;smoothed_rate=4.785;predicted_queue=1012.000;deadline_risk=false;decision_score=0.000000;offload_count=1;destination_node=-1;destination_policy=DROP
272.000,ARRIVED,3070,0,7,11,5.291,340.347,3.994,2.278,0.000000,
272.000,ARRIVED,3071,0,5,17,6.613,345.545,4.044,1.000,0.000000,
272.000,ARRIVED,3072,0,4,8,7.193,356.836,3.048,1.000,0.000000,
272.000,ARRIVED,3073,1,9,11,7.648,318.897,6.295,1.000,0.000000,
272.000,ARRIVED,3074,1,8,2,9.295,343.942,3.379,1.000,0.000000,
272.000,ARRIVED,3075,2,8,1,7.945,382.257,4.321,1.000,0.000000,
272.000,ARRIVED,3076,2,4,12,2.387,390.630,5.575,1.000,0.000000,
272.000,ARRIVED,3077,2,1,2,2.993,349.613,7.620,1.000,0.000000,
272.000,ARRIVED,3078,2,7,14,6.294,354.249,7.239,1.538,0.000000,
272.000,ARRIVED,3079,3,6,7,4.956,363.965,2.977,1.000,0.000000,
272.000,ARRIVED,3080,3,2,10,1.635,382.717,6.551,2.252,0.000000,
272.000,ARRIVED,3081,3,8,14,3.722,348.759,7.905,2.816,0.000000,
272.000,ARRIVED,3082,4,7,3,2.947,329.077,4.567,1.000,0.000000,
272.869,FINISHED,562,0,9,15,5.701,154.592,2.434,1.000,0.000000,
272.869,STARTED,577,0,8,9,8.971,168.392,5.488,1.000,0.000000,observed_rate=3.000
273.000,ARRIVED,3083,0,8,14,7.433,359.356,5.989,1.000,0.000000,
273.000,ARRIVED,3084,0,1,1,4.730,318.976,2.073,1.000,0.000000,
273.000,ARRIVED,3085,1,5,3,9.402,295.422,3.565,1.000,0.000000,
273.000,ARRIVED,3086,1,7,19,6.304,333.023,6.311,2.323,0.000000,
273.000,ARRIVED,3087,2,1,16,6.012,298.905,7.179,1.000,0.000000,
273.000,ARRIVED,3088,2,2,7,4.308,316.584,2.689,1.000,0.000000,
273.000,ARRIVED,3089,2,4,9,7.226,339.634,4.879,1.000,0.000000,
273.000,ARRIVED,3090,2,7,2,4.229,384.058,6.403,1.000,0.000000,
273.000,ARRIVED,3091,3,3,5,5.701,342.078,6.292,2.712,0.000000,
273.000,ARRIVED,3092,3,10,3,5.971,376.134,5.435,1.000,0.000000,
273.000,ARRIVED,3093,3,9,9,2.068,350.629,7.575,1.000,0.000000,
273.000,ARRIVED,3094,4,10,3,2.339,364.854,3.216,1.000,0.000000,
273.000,ARRIVED,3095,4,1,4,6.656,349.932,5.404,2.877,0.000000,
273.000,ARRIVED,3096,4,10,17,6.178,302.747,6.254,1.000,0.000000,
273.000,ARRIVED,3097,4,6,19,8.037,330.786,2.619,1.000,0.000000,
273.000,ARRIVED,3098,4,6,16,3.397,312.064,6.939,2.867,0.000000,
274.000,ARRIVED,3099,1,4,11,6.890,388.947,2.538,1.000,0.000000,
274.000,ARRIVED,3100,2,7,17,4.152,375.644,2.627,2.764,0.000000,
274.000,ARRIVED,3101,3,6,11,8.341,362.313,3.498,1.000,0.000000,
274.000,ARRIVED,3102,3,7,13,6.734,320.158,4.299,1.000,0.000000,
274.000,ARRIVED,3103,3,7,5,5.417,364.897,4.065,1.000,0.000000,
274.000,ARRIVED,3104,4,5,15,7.155,352.027,7.872,1.000,0.000000,
274.000,ARRIVED,3105,4,4,3,6.902,325.368,6.890,1.765,0.000000,
274.375,FINISHED,341,2,8,20,6.373,120.287,5.175,1.000,0.000000,
274.375,STARTED,342,2,3,3,6.976,67.151,6.156,1.000,0.000000,observed_rate=1.000
274.886,FINISHED,258,1,5,9,7.184,69.073,6.131,1.000,0.000000,
274.886,STARTED,259,1,2,1,2.204,139.725,7.790,1.000,0.000000,observed_rate=1.000
275.000,ARRIVED,3106,0,10,2,9.761,323.175,7.373,1.000,0.000000,
275.000,ARRIVED,3107,1,1,8,5.213,351.035,3.229,1.000,0.000000,
275.000,ARRIVED,3108,1,3,5,6.503,296.912,6.227,2.950,0.000000,
275.000,ARRIVED,3109,2,1,8,5.349,371.627,2.674,1.000,0.000000,
275.000,ARRIVED,3110,3,8,9,3.446,340.939,5.616,1.000,0.000000,
275.000,ARRIVED,3111,3,5,8,5.623,381.737,6.777,1.000,0.000000,
275.000,ARRIVED,3112,4,2,18,1.113,307.353,4.223,1.000,0.000000,
276.000,ARRIVED,3113,1,9,15,3.512,334.845,3.961,2.614,0.000000,
276.000,ARRIVED,3114,2,7,13,5.253,306.836,3.715,2.099,0.000000,
276.000,ARRIVED,3115,3,10,9,7.697,389.256,5.993,1.000,0.000000,
276.000,ARRIVED,3116,4,8,2,6.930,314.208,2.597,1.000,0.000000,
276.000,ARRIVED,3117,4,10,5,6.954,361.949,3.171,1.000,0.000000,
276.000,ARRIVED,3118,4,9,1,2.696,325.315,2.210,1.000,0.000000,
276.000,ARRIVED,3119,4,5,11,4.725,390.455,2.095,1.000,0.000000,
277.000,ARRIVED,3120,1,4,18,5.820,348.052,6.694,1.000,0.000000,
277.000,ARRIVED,3121,1,9,3,2.205,359.275,3.359,1.000,0.000000,
277.000,ARRIVED,3122,2,6,6,2.037,302.506,2.270,2.146,0.000000,
277.000,ARRIVED,3123,3,8,3,8.303,369.051,7.827,1.000,0.000000,
277.000,ARRIVED,3124,3,6,19,1.992,320.573,2.847,2.622,0.000000,
277.000,ARRIVED,3125,4,2,3,1.516,301.836,5.654,2.320,0.000000,
277.000,ARRIVED,3126,4,7,5,3.004,367.935,5.754,1.000,0.000000,
277.000,ARRIVED,3127,4,3,11,5.612,354.624,2.490,1.000,0.000000,
277.000,ARRIVED,3128,4,8,4,2.349,371.751,5.600,1.000,0.000000,
277.205,FINISHED,223,4,5,3,4.477,111.157,3.284,1.762,0.000000,
277.205,STARTED,254,4,9,10,7.199,111.578,4.984,1.000,0.000000,observed_rate=4.000
278.000,ARRIVED,3129,0,1,13,7.669,340.502,3.090,2.092,0.000000,
278.000,ARRIVED,3130,0,9,14,5.706,342.516,4.043,1.000,0.000000,
278.000,ARRIVED,3131,1,9,16,4.286,305.081,4.991,2.995,0.000000,
278.000,ARRIVED,3132,2,7,7,7.590,377.325,5.287,1.000,0.000000,
278.000,ARRIVED,3133,2,7,19,3.544,389.114,2.060,1.000,0.000000,
278.000,ARRIVED,3134,2,8,10,3.347,329.765,2.825,2.432,0.000000,
278.000,ARRIVED,3135,3,10,15,4.682,355.134,5.681,1.000,0.000000,
278.000,ARRIVED,3136,3,7,9,9.039,332.116,3.151,1.000,0.000000,
278.000,ARRIVED,3137,3,4,12,6.880,387.893,3.001,1.000,0.000000,
278.000,ARRIVED,3138,3,8,14,5.863,355.989,2.897,2.646,0.000000,
278.000,ARRIVED,3139,3,1,2,2.162,376.220,7.122,1.000,0.000000,
278.000,ARRIVED,3140,3,7,10,1.264,352.746,5.260,1.000,0.000000,
278.000,ARRIVED,3141,4,3,9,9.485,305.783,4.821,1.934,0.000000,
278.000,ARRIVED,3142,4,1,10,6.209,397.247,6.761,2.111,0.000000,
278.357,FINISHED,577,0,8,9,8.971,168.392,5.488,1.000,0.000000,
278.357,STARTED,588,0,1,2,6.386,141.455,6.427,1.000,0.000000,observed_rate=2.000
279.000,ARRIVED,3143,0,1,15,5.623,343.155,5.275,1.000,0.000000,
279.000,ARRIVED,3144,0,6,13,6.829,334.754,6.844,1.000,0.000000,
279.000,ARRIVED,3145,0,2,16,4.599,384.152,6.860,1.000,0.000000,
279.000,ARRIVED,3146,2,5,11,3.960,380.872,7.535,1.000,0.000000,
279.000,ARRIVED,3147,2,7,1,2.242,341.240,2.715,1.000,0.000000,
279.000,ARRIVED,3148,2,1,19,6.142,372.460,2.628,1.000,0.000000,
279.000,ARRIVED,3149,2,1,2,1.450,363.219,2.088,1.000,0.000000,
279.000,ARRIVED,3150,3,10,4,7.417,365.222,2.258,1.893,0.000000,
279.000,ARRIVED,3151,3,6,4,4.064,339.821,6.896,1.000,0.000000,
279.000,ARRIVED,3152,3,1,19,3.489,364.606,3.711,1.750,0.000000,
279.000,ARRIVED,3153,4,3,6,6.107,366.276,2.566,1.751,0.000000,
279.000,ARRIVED,3154,4,2,6,6.084,327.185,2.056,1.000,0.000000,
279.000,ARRIVED,3155,4,6,18,1.493,312.861,2.342,2.193,0.000000,
279.000,ARRIVED,3156,4,7,2,8.774,345.484,4.174,1.000,0.000000,
279.000,ARRIVED,3157,4,1,11,2.733,339.370,6.553,2.322,0.000000,
280.000,ARRIVED,3158,1,3,1,2.350,310.850,3.432,2.116,0.000000,
280.000,ARRIVED,3159,1,2,13,1.059,391.134,6.028,1.000,0.000000,
280.000,ARRIVED,3160,2,2,4,3.985,314.389,4.549,1.000,0.000000,
280.000,ARRIVED,3161,3,10,13,6.172,344.241,4.136,2.121,0.000000,
280.000,ARRIVED,3162,3,2,9,1.859,393.257,2.702,1.000,0.000000,
280.000,ARRIVED,3163,3,8,18,4.157,317.803,3.790,1.000,0.000000,
280.000,ARRIVED,3164,3,10,20,8.289,311.148,3.457,1.000,0.000000,
280.000,ARRIVED,3165,4,4,6,7.221,351.046,6.979,1.000,0.000000,
280.000,ARRIVED,3166,4,9,9,8.535,369.705,5.548,1.000,0.000000,
280.000,ARRIVED,3167,4,6,16,1.587,315.443,2.438,1.000,0.000000,
280.492,FINISHED,283,3,10,5,3.194,49.724,6.683,2.905,0.000000,
280.492,STARTED,297,3,8,6,5.047,92.143,2.501,1.000,0.000000,observed_rate=4.000
280.531,FINISHED,342,2,3,3,6.976,67.151,6.156,1.000,0.000000,
280.531,STARTED,343,2,5,7,6.288,77.247,3.078,1.000,0.000000,observed_rate=1.000
281.000,ARRIVED,3168,2,3,13,2.426,373.924,4.670,1.000,0.000000,
281.000,ARRIVED,3169,3,2,3,5.689,359.580,5.959,2.740,0.000000,
281.000,ARRIVED,3170,3,2,9,1.230,323.287,3.866,1.000,0.000000,
281.000,ARRIVED,3171,4,7,1,8.930,343.977,3.306,1.000,0.000000,
281.000,ARRIVED,3172,4,5,3,9.116,322.232,2.477,1.000,0.000000,
281.000,ARRIVED,3173,4,1,15,8.698,355.917,6.356,1.000,0.000000,
281.000,ARRIVED,3174,4,9,6,9.150,325.675,5.389,1.000,0.000000,
281.000,ARRIVED,3175,4,6,7,1.964,312.293,6.682,1.000,0.000000,
281.000,ARRIVED,3176,4,8,13,7.624,339.902,2.440,1.000,0.000000,
282.000,ARRIVED,3177,0,5,8,1.238,311.986,3.750,1.000,0.000000,
282.000,ARRIVED,3178,1,10,9,8.612,400.492,4.960,2.998,0.000000,
282.000,ARRIVED,3179,2,6,19,6.812,401.190,3.873,1.000,0.000000,
282.000,ARRIVED,3180,3,4,17,8.974,386.776,7.483,1.000,0.000000,
282.000,ARRIVED,3181,4,6,11,1.159,316.412,4.062,1.000,0.000000,
282.189,FINISHED,254,4,9,10,7.199,111.578,4.984,1.000,0.000000,
282.189,STARTED,267,4,9,2,5.747,138.016,3.164,1.525,0.000000,observed_rate=1.000
282.675,FINISHED,259,1,2,1,2.204,139.725,7.790,1.000,0.000000,
282.675,STARTED,260,1,3,8,4.483,48.699,6.256,1.000,0.000000,observed_rate=1.000
282.993,FINISHED,297,3,8,6,5.047,92.143,2.501,1.000,0.000000,
282.993,STARTED,298,3,5,15,3.923,147.026,4.116,1.000,0.000000,observed_rate=1.000
283.000,ARRIVED,3182,0,1,1,6.319,376.050,6.632,1.000,0.000000,
283.000,ARRIVED,3183,1,7,2,3.022,311.424,2.953,1.000,0.000000,
283.000,ARRIVED,3184,2,1,7,2.430,383.223,4.382,1.729,0.000000,
283.000,ARRIVED,3185,3,10,4,2.475,352.985,4.386,1.624,0.000000,
283.000,ARRIVED,3186,3,4,4,4.014,367.044,6.431,1.000,0.000000,
283.000,ARRIVED,3187,4,7,5,5.342,347.659,6.616,1.000,0.000000,
283.000,ARRIVED,3188,4,10,4,1.758,325.685,7.731,2.114,0.000000,
283.000,ARRIVED,3189,4,10,1,3.776,388.857,2.396,1.000,0.000000,
283.609,FINISHED,343,2,5,7,6.288,77.247,3.078,1.000,0.000000,
283.609,STARTED,354,2,1,10,3.409,74.692,3.127,1.000,0.000000,observed_rate=1.000
284.000,ARRIVED,3190,3,10,12,5.501,389.995,3.441,1.761,0.000000,
284.000,ARRIVED,3191,4,3,20,8.917,322.614,4.821,1.000,0.000000,
284.784,FINISHED,588,0,1,2,6.386,141.455,6.427,1.000,0.000000,
284.784,STARTED,602,0,3,14,3.353,105.518,3.215,2.578,0.000000,observed_rate=0.000
285.000,ARRIVED,3192,1,7,8,3.450,308.034,2.587,1.000,0.000000,
285.000,ARRIVED,3193,1,3,16,8.579,343.663,2.002,1.000,0.000000,
285.000,ARRIVED,3194,2,1,10,8.398,396.620,4.110,1.000,0.000000,
285.000,ARRIVED,3195,2,4,10,4.735,316.850,4.700,2.327,0.000000,
285.000,ARRIVED,3196,2,6,6,4.609,351.549,2.428,1.928,0.000000,
285.000,ARRIVED,3197,2,2,3,2.783,396.718,6.232,2.671,0.000000,
285.000,ARRIVED,3198,3,5,3,9.313,339.653,7.592,1.000,0.000000,
285.000,ARRIVED,3199,3,6,18,8.686,334.248,5.684,1.000,0.000000,
285.000,ARRIVED,3200,4,1,3,4.467,391.150,2.233,1.000,0.000000,
286.000,ARRIVED,3201,0,8,19,3.273,399.276,4.599,1.000,0.000000,
286.000,ARRIVED,3202,1,9,19,4.871,330.459,4.358,1.000,0.000000,
286.000,ARRIVED,3203,2,9,6,9.382,400.296,6.239,1.000,0.000000,
286.000,ARRIVED,3204,2,1,10,1.153,365.925,5.698,1.000,0.000000,
286.000,ARRIVED,3205,2,10,8,9.353,335.128,3.292,1.000,0.000000,
286.000,ARRIVED,3206,3,4,7,1.663,308.967,4.091,1.000,0.000000,
286.000,ARRIVED,3207,4,9,7,7.506,322.214,2.332,1.000,0.000000,
286.000,ARRIVED,3208,4,3,2,7.810,369.231,6.493,1.000,0.000000,
286.000,ARRIVED,3209,4,5,20,2.498,351.191,6.388,1.000,0.000000,
286.736,FINISHED,354,2,1,10,3.409,74.692,3.127,1.000,0.000000,
286.736,STARTED,355,2,7,14,1.426,121.946,4.208,1.000,0.000000,observed_rate=3.000
287.000,ARRIVED,3210,1,4,6,9.791,402.130,7.379,1.000,0.000000,
287.000,ARRIVED,3211,1,9,4,8.416,310.893,2.868,1.000,0.000000,
287.000,ARRIVED,3212,2,4,4,2.208,389.139,2.741,2.733,0.000000,
287.000,ARRIVED,3213,3,3,14,7.798,336.986,3.445,1.000,0.000000,
287.000,ARRIVED,3214,4,1,9,2.222,397.016,2.858,1.000,0.000000,
287.000,ARRIVED,3215,4,5,2,4.456,333.743,2.264,1.000,0.000000,
287.000,ARRIVED,3216,4,3,4,1.992,380.618,5.805,2.352,0.000000,
287.000,ARRIVED,3217,4,3,11,7.519,404.746,3.580,1.000,0.000000,
287.000,ARRIVED,3218,4,3,10,4.364,372.418,4.047,1.000,0.000000,
287.000,ARRIVED,3219,4,3,7,3.454,371.919,5.243,1.000,0.000000,
287.013,FINISHED,267,4,9,2,5.747,138.016,3.164,1.525,0.000000,
287.013,STARTED,268,4,6,6,3.028,71.465,3.870,1.000,0.000000,observed_rate=6.000
287.110,FINISHED,298,3,5,15,3.923,147.026,4.116,1.000,0.000000,
287.110,STARTED,317,3,1,3,8.455,59.190,5.547,2.849,0.000000,observed_rate=1.000
288.000,ARRIVED,3220,1,9,5,5.851,369.287,7.319,1.000,0.000000,
288.000,ARRIVED,3221,1,2,2,7.230,342.423,4.400,1.000,0.000000,
288.000,ARRIVED,3222,2,9,18,2.192,328.350,2.656,1.000,0.000000,
288.000,ARRIVED,3223,2,9,4,3.171,382.555,7.403,1.000,0.000000,
288.000,ARRIVED,3224,3,2,13,4.663,325.929,3.350,2.140,0.000000,
288.000,ARRIVED,3225,3,8,13,7.481,387.499,2.945,1.000,0.000000,
288.000,ARRIVED,3226,4,4,17,3.936,341.987,3.530,1.000,0.000000,
288.000,ARRIVED,3227,4,10,15,4.326,336.459,3.745,1.000,0.000000,
288.000,ARRIVED,3228,4,6,15,2.673,395.078,6.352,1.000,0.000000,
288.000,ARRIVED,3229,4,6,16,9.963,402.624,5.680,2.561,0.000000,
288.931,FINISHED,260,1,3,8,4.483,48.699,6.256,1.000,0.000000,
288.931,STARTED,261,1,9,7,7.185,58.417,3.847,1.000,0.000000,observed_rate=2.000
289.000,ARRIVED,3230,1,8,13,9.484,366.981,7.886,1.000,0.000000,
289.000,ARRIVED,3231,1,9,19,1.687,352.348,3.355,1.000,0.000000,
289.000,ARRIVED,3232,3,3,18,5.178,397.517,2.057,1.000,0.000000,
289.000,ARRIVED,3233,4,2,9,6.194,403.888,2.818,1.000,0.000000,
289.000,ARRIVED,3234,4,5,19,7.325,309.439,5.277,1.000,0.000000,
289.000,ARRIVED,3235,4,2,5,6.474,407.924,3.808,1.000,0.000000,
289.000,ARRIVED,3236,4,3,4,1.563,379.378,5.042,1.000,0.000000,
289.000,ARRIVED,3237,4,2,12,7.900,380.309,5.858,1.000,0.000000,
290.000,ARRIVED,3238,0,2,1,5.737,389.290,6.554,1.000,0.000000,
290.000,ARRIVED,3239,0,2,18,9.938,332.483,4.547,1.000,0.000000,
290.000,ARRIVED,3240,1,3,2,9.392,345.023,3.552,1.000,0.000000,
290.000,ARRIVED,3241,3,9,18,7.224,335.156,3.777,1.000,0.000000,
290.000,ARRIVED,3242,3,8,20,3.520,315.823,5.080,1.000,0.000000,
290.000,ARRIVED,3243,3,2,19,1.791,353.939,3.297,2.160,0.000000,
290.000,ARRIVED,3244,3,1,3,9.056,393.416,7.707,1.000,0.000000,
290.000,ARRIVED,3245,3,2,1,2.181,381.426,4.959,2.581,0.000000,
290.000,ARRIVED,3246,4,9,7,8.758,355.172,3.138,1.000,0.000000,
290.000,ARRIVED,3247,4,1,16,8.347,398.267,5.650,1.000,0.000000,
290.000,ARRIVED,3248,4,5,3,7.343,324.809,6.057,1.000,0.000000,
290.884,FINISHED,268,4,6,6,3.028,71.465,3.870,1.000,0.000000,
290.884,STARTED,272,4,4,9,5.938,136.578,3.987,1.000,0.000000,observed_rate=3.000
290.944,FINISHED,355,2,7,14,1.426,121.946,4.208,1.000,0.000000,
290.944,STARTED,356,2,7,17,3.073,125.039,4.006,1.000,0.000000,observed_rate=0.000
291.000,ARRIVED,3249,1,7,10,6.627,315.822,7.658,2.996,0.000000,
291.000,ARRIVED,3250,2,10,18,3.179,409.537,6.670,2.802,0.000000,
291.000,ARRIVED,3251,2,3,16,8.215,369.617,4.773,1.000,0.000000,
291.000,ARRIVED,3252,2,4,5,9.682,330.056,7.019,1.000,0.000000,
291.000,ARRIVED,3253,3,9,11,2.188,381.425,6.908,1.000,0.000000,
291.000,ARRIVED,3254,3,3,4,3.581,390.966,7.889,1.000,0.000000,
291.000,ARRIVED,3255,3,6,13,5.714,321.384,7.706,1.000,0.000000,
291.000,ARRIVED,3256,4,1,18,3.221,384.031,3.662,1.000,0.000000,
291.000,ARRIVED,3257,4,7,9,1.126,372.994,6.631,1.000,0.000000,
291.000,ARRIVED,3258,4,5,8,4.517,403.960,7.596,1.000,0.000000,
292.000,ARRIVED,3259,2,8,1,1.707,344.899,5.133,1.000,0.000000,
292.000,ARRIVED,3260,2,3,15,4.102,407.163,5.880,1.000,0.000000,
292.000,ARRIVED,3261,4,6,11,3.427,319.423,5.339,1.000,0.000000,
292.000,ARRIVED,3262,4,9,16,8.823,399.586,7.896,1.000,0.000000,
292.000,ARRIVED,3263,4,10,7,7.133,312.176,2.403,2.750,0.000000,
292.000,ARRIVED,3264,4,1,17,9.432,371.460,6.754,1.000,0.000000,
292.000,ARRIVED,3265,4,10,18,9.080,352.457,6.591,2.079,0.000000,
292.779,FINISHED,261,1,9,7,7.185,58.417,3.847,1.000,0.000000,
292.779,STARTED,269,1,4,19,1.658,141.424,7.311,1.000,0.000000,observed_rate=0.000
293.000,ARRIVED,3266,0,4,6,8.203,321.175,3.744,2.883,0.000000,
293.000,ARRIVED,3267,0,8,19,2.719,321.332,5.013,1.000,0.000000,
293.000,ARRIVED,3268,1,4,2,6.108,365.020,2.243,2.700,0.000000,
293.000,ARRIVED,3269,1,3,7,6.746,314.340,5.708,1.000,0.000000,
293.000,ARRIVED,3270,1,7,8,8.531,320.174,5.546,1.000,0.000000,
293.000,ARRIVED,3271,2,6,18,9.419,382.658,6.636,2.037,0.000000,
293.000,ARRIVED,3272,3,10,11,7.986,315.279,5.335,2.179,0.000000,
293.000,ARRIVED,3273,3,5,1,7.007,349.604,5.056,2.378,0.000000,
293.000,ARRIVED,3274,4,7,1,8.149,353.607,3.372,1.634,0.000000,
293.000,ARRIVED,3275,4,1,12,6.452,344.975,3.700,1.000,0.000000,
293.000,ARRIVED,3276,4,7,11,9.961,387.251,5.978,1.000,0.000000,
293.000,ARRIVED,3277,4,8,15,2.745,408.382,6.277,1.000,0.000000,
293.000,ARRIVED,3278,4,10,1,2.630,348.347,4.278,2.590,0.000000,
293.000,ARRIVED,3279,4,1,18,5.902,406.801,7.482,1.000,0.000000,
293.000,ARRIVED,3280,4,3,7,1.963,330.233,6.731,1.501,0.000000,
293.072,FINISHED,602,0,3,14,3.353,105.518,3.215,2.578,0.000000,
293.072,STARTED,613,0,1,16,3.398,92.720,3.384,1.000,0.000000,observed_rate=2.000
294.000,ARRIVED,3281,0,5,3,4.105,399.930,4.539,1.000,0.000000,
294.000,ARRIVED,3282,0,2,14,1.506,321.688,5.673,1.000,0.000000,
294.000,ARRIVED,3283,0,6,1,9.764,349.011,2.420,2.335,0.000000,
294.000,ARRIVED,3284,1,8,20,4.943,340.887,2.399,1.000,0.000000,
294.000,ARRIVED,3285,1,9,19,1.552,315.390,2.526,1.000,0.000000,
294.000,ARRIVED,3286,2,1,4,2.975,373.747,2.588,2.254,0.000000,
294.000,ARRIVED,3287,3,6,10,1.596,411.699,6.542,1.000,0.000000,
294.000,ARRIVED,3288,4,3,7,4.636,386.814,5.715,2.121,0.000000,
294.000,ARRIVED,3289,4,1,15,1.486,326.209,2.675,1.000,0.000000,
294.000,ARRIVED,3290,4,2,20,6.710,393.064,6.617,1.000,0.000000,
294.871,FINISHED,272,4,4,9,5.938,136.578,3.987,1.000,0.000000,
294.871,STARTED,273,4,10,9,7.326,63.645,2.906,1.793,0.000000,observed_rate=3.000
294.871,OFFLOADED,274,4,7,18,9.607,117.248,2.771,2.932,0.000000,trigger=REACTIVE;observed_rate=3.000;smoothed_rate=4.306;predicted_queue=1080.000;deadline_risk=false;decision_score=0.000000;offload_count=1;destination_node=-1;destination_policy=DROP
294.871,OFFLOADED,275,4,7,2,4.751,78.494,6.566,1.000,0.000000,trigger=REACTIVE;observed_rate=3.000;smoothed_rate=4.306;predicted_queue=1080.000;deadline_risk=false;decision_score=0.000000;offload_count=1;destination_node=-1;destination_policy=DROP
294.871,OFFLOADED,276,4,10,3,6.503,110.007,2.759,1.000,0.000000,trigger=REACTIVE;observed_rate=3.000;smoothed_rate=4.306;predicted_queue=1080.000;deadline_risk=false;decision_score=0.000000;offload_count=1;destination_node=-1;destination_policy=DROP
294.871,OFFLOADED,277,4,5,8,3.275,143.808,3.416,1.000,0.000000,trigger=REACTIVE;observed_rate=3.000;smoothed_rate=4.306;predicted_queue=1080.000;deadline_risk=false;decision_score=0.000000;offload_count=1;destination_node=-1;destination_policy=DROP
294.871,OFFLOADED,287,4,1,1,7.176,80.337,4.981,1.000,0.000000,trigger=REACTIVE;observed_rate=3.000;smoothed_rate=4.306;predicted_queue=1080.000;deadline_risk=false;decision_score=0.000000;offload_count=1;destination_node=-1;destination_policy=DROP
294.950,FINISHED,356,2,7,17,3.073,125.039,4.006,1.000,0.000000,
294.950,STARTED,366,2,10,3,4.333,101.923,2.980,1.000,0.000000,observed_rate=1.000
295.000,ARRIVED,3291,2,9,13,4.268,397.347,2.543,2.885,0.000000,
295.000,ARRIVED,3292,2,3,6,3.732,324.589,7.360,2.155,0.000000,
295.000,ARRIVED,3293,2,5,7,4.118,353.417,2.726,1.000,0.000000,
295.000,ARRIVED,3294,3,6,4,9.317,382.460,4.829,1.000,0.000000,
295.000,ARRIVED,3295,3,8,15,7.860,346.060,6.742,1.000,0.000000,
295.000,ARRIVED,3296,3,2,4,5.239,340.341,2.006,2.061,0.000000,
295.000,ARRIVED,3297,4,10,14,4.866,341.005,2.798,2.386,0.000000,
295.000,ARRIVED,3298,4,10,13,4.074,381.640,3.826,1.903,0.000000,
295.000,ARRIVED,3299,4,8,20,9.107,342.205,2.995,2.298,0.000000,
296.000,ARRIVED,3300,1,4,7,8.857,324.943,2.177,1.000,0.000000,
296.000,ARRIVED,3301,1,9,7,2.506,363.589,2.085,1.000,0.000000,
296.000,ARRIVED,3302,2,10,3,1.146,398.498,6.551,1.000,0.000000,
296.000,ARRIVED,3303,3,10,8,3.778,380.491,4.687,1.000,0.000000,
296.000,ARRIVED,3304,3,2,9,6.972,387.274,2.312,2.411,0.000000,
296.000,ARRIVED,3305,3,3,11,2.235,318.369,3.396,1.000,0.000000,
296.000,ARRIVED,3306,3,4,14,9.086,345.016,4.291,1.719,0.000000,
296.000,ARRIVED,3307,3,8,13,4.599,400.922,2.480,2.794,0.000000,
296.000,ARRIVED,3308,3,2,12,2.303,405.667,2.042,1.000,0.000000,
296.000,ARRIVED,3309,3,5,3,9.645,383.234,2.221,1.000,0.000000,
296.000,ARRIVED,3310,4,4,2,9.142,409.299,3.382,2.160,0.000000,
296.000,ARRIVED,3311,4,5,4,9.877,320.949,7.060,1.000,0.000000,
296.456,FINISHED,613,0,1,16,3.398,92.720,3.384,1.000,0.000000,
296.456,STARTED,628,0,3,20,1.926,156.269,4.262,1.000,0.000000,observed_rate=0.000
297.000,ARRIVED,3312,0,2,17,9.116,364.299,2.681,1.531,0.000000,
297.000,ARRIVED,3313,2,7,17,3.750,360.521,3.819,2.464,0.000000,
297.000,ARRIVED,3314,3,4,3,1.375,318.764,7.855,2.678,0.000000,
297.000,ARRIVED,3315,3,6,1,1.043,385.784,6.064,2.101,0.000000,
297.000,ARRIVED,3316,4,8,8,2.401,395.240,5.757,1.000,0.000000,
297.000,ARRIVED,3317,4,6,8,5.554,328.502,3.962,1.000,0.000000,
297.000,ARRIVED,3318,4,4,17,2.055,362.387,7.160,1.000,0.000000,
297.000,ARRIVED,3319,4,4,19,5.074,363.170,5.303,1.000,0.000000,
297.000,ARRIVED,3320,4,6,11,4.116,394.287,3.263,1.000,0.000000,
297.000,ARRIVED,3321,4,8,13,9.513,355.108,7.220,2.415,0.000000,
297.929,FINISHED,366,2,10,3,4.333,101.923,2.980,1.000,0.000000,
297.929,STARTED,367,2,7,10,9.170,137.719,5.887,1.000,0.000000,observed_rate=1.000
298.000,ARRIVED,3322,1,4,6,7.745,339.804,7.087,1.000,0.000000,
298.000,ARRIVED,3323,1,3,12,1.700,402.418,2.697,1.985,0.000000,
298.000,ARRIVED,3324,1,3,11,5.709,330.383,4.463,1.000,0.000000,
298.000,ARRIVED,3325,2,6,2,3.495,404.704,5.780,1.000,0.000000,
298.000,ARRIVED,3326,2,3,20,7.210,380.325,7.614,1.000,0.000000,
298.000,ARRIVED,3327,3,9,13,6.444,318.397,4.770,1.000,0.000000,
298.000,ARRIVED,3328,3,6,6,5.045,340.648,7.578,1.000,0.000000,
298.000,ARRIVED,3329,3,6,17,4.985,410.464,6.440,1.000,0.000000,
298.000,ARRIVED,3330,3,4,10,3.839,400.130,3.445,1.000,0.000000,
298.000,ARRIVED,3331,4,4,13,9.460,402.319,7.030,1.806,0.000000,
298.000,ARRIVED,3332,4,1,5,9.821,380.431,2.438,1.980,0.000000,
298.000,ARRIVED,3333,4,7,12,1.599,356.752,5.570,1.000,0.000000,
298.000,ARRIVED,3334,4,1,9,6.266,369.845,5.197,1.000,0.000000,
298.000,ARRIVED,3335,4,10,5,1.745,358.889,2.724,1.000,0.000000,
298.000,ARRIVED,3336,4,9,16,9.075,381.783,7.671,1.000,0.000000,
299.000,ARRIVED,3337,0,10,16,8.271,356.397,7.758,1.000,0.000000,
299.000,ARRIVED,3338,2,8,13,7.448,340.781,6.318,1.000,0.000000,
299.000,ARRIVED,3339,2,8,16,4.783,369.288,6.386,1.000,0.000000,
299.000,ARRIVED,3340,2,8,15,1.840,384.806,3.340,1.000,0.000000,
299.000,ARRIVED,3341,2,3,4,3.677,384.875,6.906,1.000,0.000000,
299.000,ARRIVED,3342,3,2,6,3.191,388.690,5.108,1.000,0.000000,
299.000,ARRIVED,3343,3,9,12,5.545,400.240,6.733,2.803,0.000000,
299.000,ARRIVED,3344,3,4,16,7.844,362.909,2.274,1.000,0.000000,
299.000,ARRIVED,3345,3,5,4,5.208,375.642,6.527,2.478,0.000000,
299.000,ARRIVED,3346,3,3,9,2.829,374.469,5.016,1.000,0.000000,
299.000,ARRIVED,3347,4,1,6,6.942,320.914,5.721,1.000,0.000000,
299.000,ARRIVED,3348,4,4,7,9.880,411.815,7.297,1.000,0.000000,
300.000,ARRIVED,3349,2,1,4,7.554,368.463,5.049,2.908,0.000000,
300.000,ARRIVED,3350,2,1,11,7.404,343.718,3.218,1.000,0.000000,
300.000,ARRIVED,3351,2,1,5,7.040,357.894,4.969,1.000,0.000000,
300.000,ARRIVED,3352,3,9,17,3.191,348.793,2.628,1.000,0.000000,
300.000,ARRIVED,3353,3,5,12,1.311,322.745,4.949,1.000,0.000000,
300.000,ARRIVED,3354,4,5,7,4.696,320.388,6.280,2.123,0.000000,
300.000,ARRIVED,3355,4,1,16,1.877,370.431,4.475,2.086,0.000000,
300.082,FINISHED,273,4,10,9,7.326,63.645,2.906,1.793,0.000000,
300.082,STARTED,288,4,10,6,2.546,54.999,6.985,2.838,0.000000,observed_rate=2.000
300.089,FINISHED,269,1,4,19,1.658,141.424,7.311,1.000,0.000000,
300.089,STARTED,291,1,9,13,6.849,111.259,7.571,1.000,0.000000,observed_rate=0.000
300.718,FINISHED,628,0,3,20,1.926,156.269,4.262,1.000,0.000000,
300.718,STARTED,664,0,7,5,1.364,146.228,7.597,1.000,0.000000,observed_rate=0.000
301.000,ARRIVED,3356,1,2,15,8.910,362.930,5.617,1.000,0.000000,
301.000,ARRIVED,3357,1,4,4,9.447,333.623,7.547,1.000,0.000000,
301.000,ARRIVED,3358,1,10,14,9.882,369.000,3.424,1.000,0.000000,
301.000,ARRIVED,3359,1,1,17,4.532,359.472,3.948,2.638,0.000000,
301.000,ARRIVED,3360,2,8,9,4.790,372.904,3.063,1.000,0.000000,
301.000,ARRIVED,3361,2,2,20,4.846,416.826,7.983,1.000,0.000000,
301.000,ARRIVED,3362,2,5,20,4.042,354.996,6.167,1.000,0.000000,
301.000,ARRIVED,3363,3,6,2,2.458,322.905,3.641,1.000,0.000000,
301.000,ARRIVED,3364,3,3,17,2.439,394.288,7.495,1.000,0.000000,
301.000,ARRIVED,3365,4,10,9,7.521,399.152,2.890,1.000,0.000000,
301.000,ARRIVED,3366,4,1,16,9.736,417.480,5.425,2.967,0.000000,
301.000,ARRIVED,3367,4,2,17,4.140,367.167,2.783,1.000,0.000000,
302.000,ARRIVED,3368,1,6,16,7.066,386.208,5.040,1.000,0.000000,
302.000,ARRIVED,3369,2,4,4,3.418,379.054,6.394,1.000,0.000000,
302.000,ARRIVED,3370,3,1,3,1.503,374.790,4.327,1.000,0.000000,
302.000,ARRIVED,3371,3,6,17,5.371,322.695,5.355,1.575,0.000000,
302.000,ARRIVED,3372,3,5,6,6.799,418.806,4.754,1.000,0.000000,
302.000,ARRIVED,3373,4,9,14,2.759,404.794,6.466,1.000,0.000000,
302.000,ARRIVED,3374,4,5,14,2.800,361.149,5.356,1.000,0.000000,
302.000,ARRIVED,3375,4,8,11,8.865,360.134,4.161,2.374,0.000000,
302.913,FINISHED,317,3,1,3,8.455,59.190,5.547,2.849,0.000000,
302.913,STARTED,318,3,1,17,6.678,147.086,6.045,1.000,0.000000,observed_rate=3.000
303.000,ARRIVED,3376,0,6,9,6.983,342.944,5.943,2.411,0.000000,
303.000,ARRIVED,3377,0,8,16,6.510,363.128,4.128,2.825,0.000000,
303.000,ARRIVED,3378,0,5,19,7.306,357.118,5.938,1.000,0.000000,
303.000,ARRIVED,3379,3,4,9,8.798,348.260,3.762,2.502,0.000000,
303.000,ARRIVED,3380,3,9,8,1.850,404.853,3.698,1.000,0.000000,
303.000,ARRIVED,3381,4,9,5,6.721,377.196,6.172,1.000,0.000000,
303.000,ARRIVED,3382,4,2,19,9.078,397.446,3.767,1.000,0.000000,
303.000,ARRIVED,3383,4,5,3,7.477,359.715,2.145,1.000,0.000000,
303.000,ARRIVED,3384,4,4,20,2.188,419.006,5.646,1.000,0.000000,
303.000,ARRIVED,3385,4,4,3,4.531,364.430,2.046,1.000,0.000000,
303.000,ARRIVED,3386,4,3,19,6.855,340.511,7.342,1.000,0.000000,
303.000,ARRIVED,3387,4,7,7,6.343,388.560,6.876,1.000,0.000000,
303.817,FINISHED,367,2,7,10,9.170,137.719,5.887,1.000,0.000000,
303.817,STARTED,392,2,9,18,5.789,105.741,4.695,1.000,0.000000,observed_rate=0.000
304.000,ARRIVED,3388,0,10,8,8.720,385.379,7.046,1.000,0.000000,
304.000,ARRIVED,3389,0,4,11,9.378,343.914,2.385,1.000,0.000000,
304.000,ARRIVED,3390,0,7,15,1.959,387.813,6.937,1.000,0.000000,
304.000,ARRIVED,3391,1,3,7,6.002,326.117,4.576,2.155,0.000000,
304.000,ARRIVED,3392,1,2,7,1.671,416.957,4.868,2.470,0.000000,
304.000,ARRIVED,3393,2,4,3,4.248,376.419,4.583,1.000,0.000000,
304.000,ARRIVED,3394,2,7,4,1.935,334.789,5.242,2.631,0.000000,
304.000,ARRIVED,3395,3,4,13,4.614,326.400,7.127,1.000,0.000000,
304.000,ARRIVED,3396,3,3,10,1.720,396.360,3.928,1.000,0.000000,
304.000,ARRIVED,3397,3,3,13,3.535,407.777,4.923,2.252,0.000000,
304.000,ARRIVED,3398,4,3,16,3.103,407.951,4.419,1.000,0.000000,
304.000,ARRIVED,3399,4,5,3,6.832,365.494,5.028,2.689,0.000000,
304.000,ARRIVED,3400,4,9,7,2.300,382.658,7.713,1.000,0.000000,
305.000,ARRIVED,3401,2,6,3,8.040,409.022,6.920,1.000,0.000000,
305.000,ARRIVED,3402,2,6,13,9.064,391.625,3.293,1.000,0.000000,
305.000,ARRIVED,3403,3,4,16,6.250,422.043,4.794,2.805,0.000000,
305.000,ARRIVED,3404,3,1,2,2.565,379.493,7.988,2.581,0.000000,
305.000,ARRIVED,3405,4,6,4,6.621,350.534,6.500,1.000,0.000000,
305.000,ARRIVED,3406,4,9,5,3.495,327.433,2.804,1.000,0.000000,
305.000,ARRIVED,3407,4,7,8,4.308,409.605,7.657,1.000,0.000000,
306.000,ARRIVED,3408,1,4,8,7.388,333.487,2.591,1.000,0.000000,
306.000,ARRIVED,3409,1,5,19,8.089,415.649,2.213,1.000,0.000000,
306.000,ARRIVED,3410,1,8,20,2.181,385.873,7.324,2.362,0.000000,
306.000,ARRIVED,3411,2,2,1,6.445,344.620,2.704,1.000,0.000000,
306.000,ARRIVED,3412,2,7,12,9.029,330.349,7.852,1.000,0.000000,
306.000,ARRIVED,3413,2,2,9,5.264,338.023,7.513,1.000,0.000000,
306.000,ARRIVED,3414,2,10,20,7.803,334.999,3.139,2.626,0.000000,
306.000,ARRIVED,3415,2,8,8,4.122,366.790,2.676,1.000,0.000000,
306.000,ARRIVED,3416,3,8,16,2.496,333.437,2.206,1.805,0.000000,
306.000,ARRIVED,3417,3,1,12,4.732,355.266,6.595,1.000,0.000000,
306.000,ARRIVED,3418,4,5,6,8.863,354.545,7.530,1.000,0.000000,
306.000,ARRIVED,3419,4,3,16,8.144,418.378,6.280,1.000,0.000000,
306.000,ARRIVED,3420,4,2,9,2.480,374.847,3.506,1.000,0.000000,
307.000,ARRIVED,3421,1,5,16,7.627,416.646,6.319,1.670,0.000000,
307.000,ARRIVED,3422,1,8,8,2.956,409.449,3.754,1.000,0.000000,
307.000,ARRIVED,3423,1,1,13,7.551,330.436,2.230,1.000,0.000000,
307.000,ARRIVED,3424,2,7,9,3.827,367.812,3.310,1.000,0.000000,
307.000,ARRIVED,3425,3,9,12,1.913,386.550,4.188,1.000,0.000000,
307.000,ARRIVED,3426,3,8,10,2.519,397.742,6.265,2.562,0.000000,
307.000,ARRIVED,3427,3,10,10,1.174,359.181,2.329,1.000,0.000000,
307.000,ARRIVED,3428,4,10,19,5.716,376.562,3.245,1.000,0.000000,
307.000,ARRIVED,3429,4,9,7,3.340,410.723,4.761,2.072,0.000000,
307.000,ARRIVED,3430,4,4,16,2.068,412.982,5.524,1.000,0.000000,
307.660,FINISHED,291,1,9,13,6.849,111.259,7.571,1.000,0.000000,
307.660,STARTED,308,1,9,8,4.667,101.558,7.862,1.000,0.000000,observed_rate=3.000
308.000,ARRIVED,3431,0,4,7,2.285,369.733,4.167,1.000,0.000000,
308.000,ARRIVED,3432,0,8,16,6.694,423.049,3.187,1.000,0.000000,
308.000,ARRIVED,3433,1,5,1,9.542,407.456,2.207,2.069,0.000000,
308.000,ARRIVED,3434,2,7,16,7.600,399.266,6.529,1.000,0.000000,
308.000,ARRIVED,3435,2,6,2,9.341,399.217,3.742,1.000,0.000000,
308.000,ARRIVED,3436,2,10,10,8.425,360.898,5.583,1.546,0.000000,
308.000,ARRIVED,3437,3,4,5,4.833,375.055,6.157,1.786,0.000000,
308.000,ARRIVED,3438,3,7,13,9.391,411.225,5.181,1.000,0.000000,
308.000,ARRIVED,3439,3,7,20,1.324,381.334,6.738,2.463,0.000000,
308.000,ARRIVED,3440,3,8,15,4.567,409.246,5.228,1.000,0.000000,
308.000,ARRIVED,3441,4,8,3,7.321,423.576,5.637,1.000,0.000000,
308.000,ARRIVED,3442,4,1,19,7.274,381.409,4.004,1.000,0.000000,
308.000,ARRIVED,3443,4,3,11,9.624,380.851,7.527,1.000,0.000000,
308.000,ARRIVED,3444,4,10,4,5.424,360.844,6.707,1.000,0.000000,
308.314,FINISHED,664,0,7,5,1.364,146.228,7.597,1.000,0.000000,
308.314,STARTED,718,0,9,18,9.824,132.036,4.581,1.000,0.000000,observed_rate=2.000
308.512,FINISHED,392,2,9,18,5.789,105.741,4.695,1.000,0.000000,
308.512,STARTED,393,2,8,6,1.613,132.966,3.447,2.113,0.000000,observed_rate=3.000
308.512,OFFLOADED,394,2,1,2,5.239,76.096,7.645,1.000,0.000000,trigger=REACTIVE;observed_rate=3.000;smoothed_rate=2.449;predicted_queue=607.000;deadline_risk=false;decision_score=0.000000;offload_count=1;destination_node=-1;destination_policy=DROP
308.512,OFFLOADED,403,2,5,12,1.397,67.014,7.295,1.000,0.000000,trigger=REACTIVE;observed_rate=3.000;smoothed_rate=2.449;predicted_queue=607.000;deadline_risk=false;decision_score=0.000000;offload_count=1;destination_node=-1;destination_policy=DROP
308.512,OFFLOADED,413,2,4,17,1.218,136.613,3.576,2.137,0.000000,trigger=REACTIVE;observed_rate=3.000;smoothed_rate=2.449;predicted_queue=607.000;deadline_risk=false;decision_score=0.000000;offload_count=1;destination_node=-1;destination_policy=DROP
308.512,OFFLOADED,414,2,7,15,4.631,133.202,3.502,1.000,0.000000,trigger=REACTIVE;observed_rate=3.000;smoothed_rate=2.449;predicted_queue=607.000;deadline_risk=false;decision_score=0.000000;offload_count=1;destination_node=-1;destination_policy=DROP
308.512,OFFLOADED,419,2,2,11,7.108,95.836,4.000,2.441,0.000000,trigger=REACTIVE;observed_rate=3.000;smoothed_rate=2.449;predicted_queue=607.000;deadline_risk=false;decision_score=0.000000;offload_count=1;destination_node=-1;destination_policy=DROP
308.958,FINISHED,318,3,1,17,6.678,147.086,6.045,1.000,0.000000,
308.958,STARTED,324,3,10,4,2.387,118.785,7.955,2.329,0.000000,observed_rate=4.000
308.958,OFFLOADED,325,3,7,10,7.823,126.775,7.628,1.000,0.000000,trigger=REACTIVE;observed_rate=4.000;smoothed_rate=2.992;predicted_queue=791.000;deadline_risk=false;decision_score=0.000000;offload_count=1;destination_node=-1;destination_policy=DROP
308.958,OFFLOADED,326,3,7,10,1.670,58.842,5.430,2.418,0.000000,trigger=REACTIVE;observed_rate=4.000;smoothed_rate=2.992;predicted_queue=791.000;deadline_risk=false;decision_score=0.000000;offload_count=1;destination_node=-1;destination_policy=DROP
308.958,OFFLOADED,327,3,3,18,7.360,67.304,6.791,1.000,0.000000,trigger=REACTIVE;observed_rate=4.000;smoothed_rate=2.992;predicted_queue=791.000;deadline_risk=false;decision_score=0.000000;offload_count=1;destination_node=-1;destination_policy=DROP
308.958,OFFLOADED,328,3,8,19,9.632,82.985,2.915,1.000,0.000000,trigger=REACTIVE;observed_rate=4.000;smoothed_rate=2.992;predicted_queue=791.000;deadline_risk=false;decision_score=0.000000;offload_count=1;destination_node=-1;destination_policy=DROP
308.958,OFFLOADED,344,3,1,16,9.562,110.839,3.558,1.000,0.000000,trigger=REACTIVE;observed_rate=4.000;smoothed_rate=2.992;predicted_queue=791.000;deadline_risk=false;decision_score=0.000000;offload_count=1;destination_node=-1;destination_policy=DROP
309.000,ARRIVED,3445,0,1,9,3.952,425.775,5.627,1.000,0.000000,
309.000,ARRIVED,3446,2,4,1,2.709,373.887,4.134,2.051,0.000000,
309.000,ARRIVED,3447,2,10,20,3.232,353.596,7.127,2.807,0.000000,
309.000,ARRIVED,3448,3,8,20,3.426,391.549,7.616,2.587,0.000000,
309.000,ARRIVED,3449,3,10,8,5.006,352.753,7.376,1.000,0.000000,
309.000,ARRIVED,3450,3,10,18,3.263,362.865,5.670,2.019,0.000000,
309.000,ARRIVED,3451,3,10,15,3.951,415.759,7.265,1.000,0.000000,
309.000,ARRIVED,3452,3,2,6,1.887,403.731,6.349,2.936,0.000000,
309.000,ARRIVED,3453,3,10,14,5.285,396.097,4.826,1.000,0.000000,
309.000,ARRIVED,3454,3,3,18,7.986,423.087,5.810,1.000,0.000000,
309.000,ARRIVED,3455,4,2,19,4.054,410.881,4.233,1.000,0.000000,
309.000,ARRIVED,3456,4,6,13,8.487,380.788,7.249,1.000,0.000000,
309.000,ARRIVED,3457,4,3,14,6.715,356.434,4.782,1.000,0.000000,
309.000,ARRIVED,3458,4,9,11,9.485,367.528,6.364,1.000,0.000000,
309.000,ARRIVED,3459,4,4,19,9.636,380.394,3.955,1.000,0.000000,
309.000,ARRIVED,3460,4,4,11,2.915,401.462,3.655,2.345,0.000000,
309.000,ARRIVED,3461,4,7,4,8.329,410.536,6.229,1.000,0.000000,
309.000,ARRIVED,3462,4,9,8,1.871,330.213,4.557,1.000,0.000000,
310.000,ARRIVED,3463,0,10,18,9.067,389.554,2.015,1.000,0.000000,
310.000,ARRIVED,3464,1,10,17,8.154,394.146,3.654,1.939,0.000000,
310.000,ARRIVED,3465,2,5,20,5.738,378.982,7.569,1.000,0.000000,
310.000,ARRIVED,3466,2,4,3,6.497,429.966,3.132,1.000,0.000000,
310.000,ARRIVED,3467,3,4,6,5.677,407.766,3.180,1.000,0.000000,
310.000,ARRIVED,3468,3,4,11,5.893,420.068,7.745,1.000,0.000000,
310.000,ARRIVED,3469,4,10,1,7.331,378.841,5.715,1.000,0.000000,
310.000,ARRIVED,3470,4,1,13,9.667,414.256,4.546,1.000,0.000000,
310.000,ARRIVED,3471,4,5,11,9.040,397.190,4.894,1.735,0.000000,
310.000,ARRIVED,3472,4,9,15,8.768,342.398,3.152,1.000,0.000000,
310.000,ARRIVED,3473,4,5,17,5.229,399.540,3.775,1.000,0.000000,
311.000,ARRIVED,3474,0,9,17,3.233,333.771,5.542,1.818,0.000000,
311.000,ARRIVED,3475,0,4,3,8.023,357.381,2.158,1.000,0.000000,
311.000,ARRIVED,3476,0,6,3,7.743,426.116,5.949,1.000,0.000000,
311.000,ARRIVED,3477,0,2,14,5.667,406.989,4.666,2.140,0.000000,
311.000,ARRIVED,3478,1,10,6,2.535,358.438,5.954,1.000,0.000000,
311.000,ARRIVED,3479,1,1,18,8.464,349.306,5.165,2.953,0.000000,
311.000,ARRIVED,3480,1,5,3,8.467,374.696,2.415,1.000,0.000000,
311.000,ARRIVED,3481,3,10,14,1.248,336.856,5.394,1.000,0.000000,
311.000,ARRIVED,3482,4,6,13,2.669,382.029,2.303,1.000,0.000000,
311.000,ARRIVED,3483,4,2,3,2.121,386.052,7.131,2.240,0.000000,
311.000,ARRIVED,3484,4,9,8,7.746,383.031,4.737,1.000,0.000000,
311.000,ARRIVED,3485,4,4,8,8.888,365.043,5.959,1.000,0.000000,
311.000,ARRIVED,3486,4,9,8,6.327,373.048,4.033,1.000,0.000000,
311.000,ARRIVED,3487,4,5,16,2.848,388.560,5.431,1.000,0.000000,
311.000,ARRIVED,3488,4,9,3,2.992,403.065,5.947,1.000,0.000000,
312.000,ARRIVED,3489,2,3,2,9.170,418.068,7.912,1.000,0.000000,
312.000,ARRIVED,3490,2,1,3,1.473,343.230,3.572,1.000,0.000000,
312.000,ARRIVED,3491,2,8,8,6.882,351.054,7.494,1.576,0.000000,
312.000,ARRIVED,3492,3,6,1,2.107,403.894,2.954,2.982,0.000000,
312.000,ARRIVED,3493,3,8,14,5.461,417.079,5.310,1.000,0.000000,
312.000,ARRIVED,3494,3,3,1,3.250,342.810,7.367,2.864,0.000000,
312.000,ARRIVED,3495,4,7,16,4.380,428.286,3.153,1.000,0.000000,
312.000,ARRIVED,3496,4,1,15,2.613,333.477,6.633,1.000,0.000000,
312.000,ARRIVED,3497,4,3,2,3.980,341.892,7.695,1.000,0.000000,
312.895,FINISHED,718,0,9,18,9.824,132.036,4.581,1.000,0.000000,
312.895,STARTED,739,0,6,11,3.398,118.335,7.076,1.000,0.000000,observed_rate=0.000
313.000,ARRIVED,3498,0,6,13,8.225,392.738,3.317,1.614,0.000000,
313.000,ARRIVED,3499,0,9,3,4.685,381.998,5.850,1.000,0.000000,
313.000,ARRIVED,3500,1,10,9,3.507,336.275,7.722,1.000,0.000000,
313.000,ARRIVED,3501,1,4,14,7.583,421.172,5.592,1.000,0.000000,
313.000,ARRIVED,3502,2,10,7,5.146,359.724,7.880,2.479,0.000000,
313.000,ARRIVED,3503,2,10,6,1.577,373.123,3.859,1.000,0.000000,
313.000,ARRIVED,3504,2,3,11,6.368,431.985,7.444,1.000,0.000000,
313.000,ARRIVED,3505,2,10,17,9.174,337.570,6.655,1.000,0.000000,
313.000,ARRIVED,3506,2,1,14,4.095,420.678,2.939,1.000,0.000000,
313.000,ARRIVED,3507,2,7,9,7.174,356.361,5.936,1.533,0.000000,
313.000,ARRIVED,3508,3,10,19,3.534,369.084,3.350,1.000,0.000000,
313.000,ARRIVED,3509,3,2,10,5.464,366.163,5.759,1.000,0.000000,
313.000,ARRIVED,3510,4,8,10,3.442,417.767,3.155,1.000,0.000000,
314.000,ARRIVED,3511,1,7,18,9.635,349.127,2.136,2.539,0.000000,
314.000,ARRIVED,3512,2,3,1,7.821,426.797,5.597,1.997,0.000000,
314.000,ARRIVED,3513,2,7,17,4.567,348.491,5.431,1.000,0.000000,
314.000,ARRIVED,3514,2,1,10,7.256,403.588,5.266,2.209,0.000000,
314.000,ARRIVED,3515,3,5,4,7.310,399.993,6.883,1.000,0.000000,
314.000,ARRIVED,3516,4,9,17,7.957,341.956,4.995,2.111,0.000000,
314.000,ARRIVED,3517,4,3,15,1.813,401.156,6.572,1.000,0.000000,
314.000,ARRIVED,3518,4,2,14,1.261,370.068,2.009,1.000,0.000000,
314.000,ARRIVED,3519,4,1,20,7.545,340.071,3.002,1.000,0.000000,
315.000,ARRIVED,3520,0,8,6,6.352,425.491,2.978,1.000,0.000000,
315.000,ARRIVED,3521,1,10,18,8.429,381.424,6.854,1.000,0.000000,
315.000,ARRIVED,3522,2,4,11,7.832,346.389,5.386,1.000,0.000000,
315.000,ARRIVED,3523,3,2,17,3.667,410.439,7.843,1.990,0.000000,
315.000,ARRIVED,3524,4,3,9,2.136,432.551,6.225,1.000,0.000000,
315.000,ARRIVED,3525,4,5,10,5.640,343.422,4.971,1.000,0.000000,
315.000,ARRIVED,3526,4,8,11,5.511,339.648,6.135,1.000,0.000000,
315.523,FINISHED,308,1,9,8,4.667,101.558,7.862,1.000,0.000000,
315.523,STARTED,309,1,3,17,3.846,122.202,5.958,1.000,0.000000,observed_rate=1.000
315.794,FINISHED,393,2,8,6,1.613,132.966,3.447,2.113,0.000000,
315.794,STARTED,420,2,7,18,1.972,145.526,5.722,2.044,0.000000,observed_rate=1.000
316.000,ARRIVED,3527,1,7,5,2.414,373.503,3.172,1.000,0.000000,
316.000,ARRIVED,3528,2,4,6,8.265,402.454,2.765,1.000,0.000000,
316.000,ARRIVED,3529,3,6,16,4.740,404.920,2.882,1.000,0.000000,
316.000,ARRIVED,3530,3,1,6,8.220,361.456,7.891,1.000,0.000000,
316.000,ARRIVED,3531,3,4,9,4.681,388.928,6.498,1.000,0.000000,
316.000,ARRIVED,3532,3,3,7,6.084,368.610,2.870,1.000,0.000000,
316.000,ARRIVED,3533,3,2,11,3.958,390.051,7.981,1.000,0.000000,
316.000,ARRIVED,3534,3,9,1,7.345,413.601,7.523,2.735,0.000000,
316.000,ARRIVED,3535,3,6,8,1.420,378.957,6.732,1.000,0.000000,
316.000,ARRIVED,3536,3,10,12,9.771,365.746,4.099,1.000,0.000000,
316.000,ARRIVED,3537,3,3,15,9.401,355.211,2.862,1.000,0.000000,
316.000,ARRIVED,3538,4,10,7,4.926,419.238,7.063,1.000,0.000000,
316.000,ARRIVED,3539,4,9,19,8.273,377.816,6.032,2.407,0.000000,
317.000,ARRIVED,3540,0,2,11,1.021,416.707,3.231,2.572,0.000000,
317.000,ARRIVED,3541,3,8,11,2.983,379.253,6.110,1.000,0.000000,
317.000,ARRIVED,3542,3,6,2,5.541,337.331,2.624,1.000,0.000000,
317.000,ARRIVED,3543,4,9,7,2.002,350.182,6.722,1.000,0.000000,
317.000,ARRIVED,3544,4,10,11,6.124,393.365,3.976,1.000,0.000000,
318.000,ARRIVED,3545,1,9,9,6.813,397.372,2.104,2.906,0.000000,
318.000,ARRIVED,3546,1,5,3,4.548,430.346,5.689,1.000,0.000000,
318.000,ARRIVED,3547,1,7,10,5.301,400.856,2.025,1.000,0.000000,
318.000,ARRIVED,3548,1,4,1,8.272,394.187,7.030,1.698,0.000000,
318.000,ARRIVED,3549,3,5,13,7.402,360.219,7.019,1.000,0.000000,
318.000,ARRIVED,3550,3,2,10,7.227,380.740,3.053,1.000,0.000000,
318.000,ARRIVED,3551,3,6,3,1.080,367.405,2.668,1.000,0.000000,
318.000,ARRIVED,3552,3,10,4,8.621,408.490,7.768,2.603,0.000000,
318.000,ARRIVED,3553,3,6,15,6.416,381.011,7.544,1.000,0.000000,
318.000,ARRIVED,3554,3,2,3,7.246,372.320,5.670,1.000,0.000000,
318.000,ARRIVED,3555,3,8,2,2.378,382.895,3.353,1.000,0.000000,
318.000,ARRIVED,3556,4,8,2,4.919,399.152,4.817,1.000,0.000000,
318.000,ARRIVED,3557,4,9,15,6.412,373.647,3.256,1.000,0.000000,
318.000,ARRIVED,3558,4,1,6,6.818,410.399,3.512,1.000,0.000000,
319.000,ARRIVED,3559,1,7,2,7.315,363.532,3.049,1.000,0.000000,
319.000,ARRIVED,3560,2,1,8,7.212,354.325,6.367,1.000,0.000000,
319.000,ARRIVED,3561,2,9,1,7.366,391.520,6.920,1.000,0.000000,
319.000,ARRIVED,3562,3,6,4,2.728,364.541,5.422,2.822,0.000000,
319.000,ARRIVED,3563,3,8,14,8.542,420.670,4.162,1.000,0.000000,
319.000,ARRIVED,3564,3,5,4,5.584,385.346,2.774,1.767,0.000000,
319.000,ARRIVED,3565,3,1,13,7.488,421.404,6.520,1.000,0.000000,
319.000,ARRIVED,3566,4,2,19,1.186,397.653,3.032,1.000,0.000000,
319.908,FINISHED,288,4,10,6,2.546,54.999,6.985,2.838,0.000000,
319.908,STARTED,289,4,3,5,5.418,129.283,6.121,1.000,0.000000,observed_rate=1.000
319.971,FINISHED,739,0,6,11,3.398,118.335,7.076,1.000,0.000000,
319.971,STARTED,754,0,6,10,8.419,172.023,2.147,1.000,0.000000,observed_rate=0.000
320.000,ARRIVED,3567,0,4,14,7.932,371.572,5.888,1.000,0.000000,
320.000,ARRIVED,3568,1,4,20,2.593,411.490,7.743,1.000,0.000000,
320.000,ARRIVED,3569,2,10,1,6.466,431.733,3.836,2.104,0.000000,
320.000,ARRIVED,3570,2,5,1,5.928,393.405,6.271,1.000,0.000000,
320.000,ARRIVED,3571,2,6,15,4.576,416.614,2.730,1.000,0.000000,
320.000,ARRIVED,3572,2,9,2,3.894,426.844,7.727,1.000,0.000000,
320.000,ARRIVED,3573,2,3,13,2.675,403.060,5.347,1.000,0.000000,
320.000,ARRIVED,3574,2,9,16,6.431,362.707,7.006,1.000,0.000000,
320.000,ARRIVED,3575,3,6,18,8.703,410.908,5.516,1.000,0.000000,
320.000,ARRIVED,3576,3,2,10,2.589,383.636,4.848,1.000,0.000000,
320.000,ARRIVED,3577,3,1,15,7.865,353.403,7.869,1.000,0.000000,
320.000,ARRIVED,3578,3,5,5,1.516,427.305,7.776,1.000,0.000000,
320.000,ARRIVED,3579,3,10,16,8.894,348.007,3.309,1.000,0.000000,
320.000,ARRIVED,3580,3,7,2,5.426,381.320,7.594,1.552,0.000000,
320.000,ARRIVED,3581,3,1,9,2.014,404.127,5.032,1.000,0.000000,
320.000,ARRIVED,3582,3,6,13,8.600,341.245,7.195,1.708,0.000000,
320.000,ARRIVED,3583,3,8,20,1.775,351.821,5.552,1.000,0.000000,
320.000,ARRIVED,3584,4,7,9,9.644,426.036,6.696,1.998,0.000000,
321.000,ARRIVED,3585,0,8,13,9.880,399.619,5.086,1.852,0.000000,
321.000,ARRIVED,3586,0,5,3,3.131,363.406,5.054,1.000,0.000000,
321.000,ARRIVED,3587,1,3,9,9.935,394.926,3.565,2.109,0.000000,
321.000,ARRIVED,3588,2,2,2,2.652,388.987,7.435,1.000,0.000000,
321.000,ARRIVED,3589,2,10,2,6.252,432.936,3.064,1.000,0.000000,
321.000,ARRIVED,3590,2,7,6,2.288,377.831,3.886,1.000,0.000000,
321.000,ARRIVED,3591,2,10,18,2.935,397.321,3.490,1.000,0.000000,
321.000,ARRIVED,3592,3,1,16,5.103,372.615,5.512,1.000,0.000000,
321.000,ARRIVED,3593,3,9,11,1.933,431.172,5.696,1.000,0.000000,
321.000,ARRIVED,3594,3,4,11,3.654,425.244,4.461,1.000,0.000000,
321.000,ARRIVED,3595,3,1,19,6.255,417.944,5.194,1.000,0.000000,
321.000,ARRIVED,3596,4,4,17,5.680,391.369,2.597,1.000,0.000000,
321.000,ARRIVED,3597,4,6,16,4.586,342.990,7.740,1.000,0.000000,
321.000,ARRIVED,3598,4,5,2,3.423,412.758,2.325,1.000,0.000000,
321.000,ARRIVED,3599,4,5,12,7.064,425.702,3.474,1.000,0.000000,
321.000,ARRIVED,3600,4,10,4,7.620,370.397,4.875,1.000,0.000000,
321.481,FINISHED,309,1,3,17,3.846,122.202,5.958,1.000,0.000000,
321.481,STARTED,310,1,9,13,6.783,105.625,3.916,2.195,0.000000,observed_rate=1.000
322.000,ARRIVED,3601,0,2,17,4.304,364.113,3.664,1.000,0.000000,
322.000,ARRIVED,3602,1,6,9,2.571,347.501,2.245,1.000,0.000000,
322.000,ARRIVED,3603,2,2,13,3.737,348.119,6.686,1.000,0.000000,
322.000,ARRIVED,3604,2,2,14,8.775,415.232,4.270,1.000,0.000000,
322.000,ARRIVED,3605,3,1,5,7.255,394.824,3.620,1.000,0.000000,
322.000,ARRIVED,3606,3,8,3,7.833,437.749,6.611,1.000,0.000000,
322.000,ARRIVED,3607,3,5,9,8.774,354.762,6.051,1.000,0.000000,
322.000,ARRIVED,3608,3,3,2,8.025,412.230,2.816,1.000,0.000000,
322.000,ARRIVED,3609,3,3,16,4.172,393.801,2.490,1.000,0.000000,
322.000,ARRIVED,3610,4,1,7,5.510,347.649,5.327,1.000,0.000000,
322.000,ARRIVED,3611,4,2,18,8.902,430.525,4.182,1.000,0.000000,
322.000,ARRIVED,3612,4,7,4,6.025,391.155,7.551,1.000,0.000000,
322.000,ARRIVED,3613,4,1,4,5.849,342.292,2.022,1.000,0.000000,
322.000,ARRIVED,3614,4,6,12,1.089,406.245,6.884,1.000,0.000000,
322.118,FINISHED,754,0,6,10,8.419,172.023,2.147,1.000,0.000000,
322.118,STARTED,755,0,8,19,2.114,121.598,4.353,1.000,0.000000,observed_rate=1.000
323.000,ARRIVED,3615,0,7,19,4.941,403.864,2.853,1.000,0.000000,
323.000,ARRIVED,3616,0,4,5,7.686,410.752,4.632,1.000,0.000000,
323.000,ARRIVED,3617,0,5,17,7.742,428.405,6.371,1.000,0.000000,
323.000,ARRIVED,3618,1,3,7,2.987,394.759,2.151,1.000,0.000000,
323.000,ARRIVED,3619,1,5,20,4.500,378.860,5.254,1.000,0.000000,
323.000,ARRIVED,3620,2,2,8,7.098,422.844,7.124,1.000,0.000000,
323.000,ARRIVED,3621,3,4,13,7.419,425.160,3.005,1.000,0.000000,
323.000,ARRIVED,3622,3,10,7,8.786,427.054,4.689,1.000,0.000000,
323.000,ARRIVED,3623,4,7,7,4.488,401.281,2.338,1.000,0.000000,
323.000,ARRIVED,3624,4,8,20,5.394,437.164,4.778,1.616,0.000000,
323.000,ARRIVED,3625,4,9,17,4.523,369.915,2.871,1.000,0.000000,
323.000,ARRIVED,3626,4,5,15,9.430,418.488,3.076,1.000,0.000000,
323.000,ARRIVED,3627,4,1,1,1.577,356.122,5.364,2.619,0.000000,
324.000,ARRIVED,3628,0,10,4,6.351,430.322,7.637,1.000,0.000000,
324.000,ARRIVED,3629,0,8,16,6.841,423.118,6.174,2.535,0.000000,
324.000,ARRIVED,3630,1,8,4,4.936,355.793,3.340,1.000,0.000000,
324.000,ARRIVED,3631,2,8,2,5.228,411.768,5.556,1.000,0.000000,
324.000,ARRIVED,3632,2,9,14,2.055,360.532,7.307,2.062,0.000000,
324.000,ARRIVED,3633,2,10,20,2.385,372.553,3.261,1.862,0.000000,
324.000,ARRIVED,3634,3,8,2,4.678,390.244,7.978,1.000,0.000000,
324.000,ARRIVED,3635,4,9,4,3.975,356.272,2.043,1.000,0.000000,
324.000,ARRIVED,3636,4,9,19,5.010,424.524,3.377,1.000,0.000000,
324.000,ARRIVED,3637,4,2,16,2.646,363.066,7.457,1.000,0.000000,
324.000,ARRIVED,3638,4,5,8,5.850,438.115,2.809,1.000,0.000000,
325.000,ARRIVED,3639,1,10,18,7.245,437.275,2.810,1.821,0.000000,
325.000,ARRIVED,3640,1,3,9,3.876,408.636,4.301,2.700,0.000000,
325.000,ARRIVED,3641,2,6,5,9.516,435.521,6.309,1.000,0.000000,
325.000,ARRIVED,3642,2,9,14,6.396,378.653,2.150,1.000,0.000000,
325.000,ARRIVED,3643,2,1,12,7.208,408.448,5.680,1.797,0.000000,
325.000,ARRIVED,3644,3,1,20,7.549,377.929,3.195,1.000,0.000000,
325.000,ARRIVED,3645,3,8,4,5.253,407.579,2.045,1.000,0.000000,
325.000,ARRIVED,3646,3,4,2,9.011,349.146,7.503,1.000,0.000000,
325.000,ARRIVED,3647,3,3,14,1.958,422.895,7.917,1.000,0.000000,
325.000,ARRIVED,3648,4,6,17,5.605,377.590,2.216,1.000,0.000000,
325.000,ARRIVED,3649,4,7,17,6.286,354.523,6.133,1.000,0.000000,
325.000,ARRIVED,3650,4,8,17,1.292,362.153,6.856,1.000,0.000000,
325.000,ARRIVED,3651,4,1,6,7.469,353.685,6.120,1.000,0.000000,
325.000,ARRIVED,3652,4,3,12,6.306,399.324,2.556,1.000,0.000000,
326.000,ARRIVED,3653,2,1,12,9.686,408.666,5.297,1.000,0.000000,
326.000,ARRIVED,3654,3,8,1,3.950,374.255,4.859,1.000,0.000000,
326.000,ARRIVED,3655,3,2,5,3.993,433.679,3.732,2.402,0.000000,
326.000,ARRIVED,3656,3,7,14,4.877,368.434,3.131,1.000,0.000000,
326.000,ARRIVED,3657,3,9,10,1.167,433.507,3.581,1.000,0.000000,
326.000,ARRIVED,3658,4,8,11,9.873,436.110,3.164,1.000,0.000000,
326.000,ARRIVED,3659,4,1,2,4.443,391.513,3.334,1.000,0.000000,
326.029,FINISHED,289,4,3,5,5.418,129.283,6.121,1.000,0.000000,
326.029,STARTED,299,4,2,15,6.185,65.188,7.287,1.801,0.000000,observed_rate=2.000
326.471,FINISHED,755,0,8,19,2.114,121.598,4.353,1.000,0.000000,
326.471,STARTED,765,0,2,13,9.840,90.957,7.051,1.000,0.000000,observed_rate=0.000
327.000,ARRIVED,3660,1,5,18,1.391,376.051,2.407,1.000,0.000000,
327.000,ARRIVED,3661,1,5,14,1.245,410.660,4.796,1.000,0.000000,
327.000,ARRIVED,3662,1,8,1,7.483,368.921,2.540,2.433,0.000000,
327.000,ARRIVED,3663,2,6,20,6.119,386.217,3.393,1.000,0.000000,
327.000,ARRIVED,3664,2,8,15,2.059,422.101,7.641,1.000,0.000000,
327.000,ARRIVED,3665,3,4,16,1.803,428.980,6.671,2.920,0.000000,
327.000,ARRIVED,3666,3,9,6,9.503,403.651,4.129,1.949,0.000000,
327.000,ARRIVED,3667,3,8,19,6.757,414.376,2.682,2.764,0.000000,
327.000,ARRIVED,3668,4,10,9,7.095,388.164,6.236,2.644,0.000000,
327.000,ARRIVED,3669,4,8,4,8.780,390.848,6.457,1.000,0.000000,
327.000,ARRIVED,3670,4,10,7,2.902,372.893,4.432,1.000,0.000000,
327.486,FINISHED,324,3,10,4,2.387,118.785,7.955,2.329,0.000000,
327.486,STARTED,345,3,3,13,6.235,104.789,7.243,1.000,0.000000,observed_rate=3.000
327.487,FINISHED,420,2,7,18,1.972,145.526,5.722,2.044,0.000000,
327.487,STARTED,421,2,3,17,4.093,150.415,6.045,1.676,0.000000,observed_rate=2.000
328.000,ARRIVED,3671,0,2,5,4.443,446.772,7.437,1.820,0.000000,
328.000,ARRIVED,3672,1,9,18,7.064,353.937,6.360,1.000,0.000000,
328.000,ARRIVED,3673,1,2,2,9.818,382.596,4.779,2.883,0.000000,
328.000,ARRIVED,3674,1,9,7,4.533,349.072,3.499,1.000,0.000000,
328.000,ARRIVED,3675,2,6,2,1.903,438.954,3.376,1.000,0.000000,
328.000,ARRIVED,3676,3,7,14,3.842,430.442,3.633,1.000,0.000000,
328.000,ARRIVED,3677,4,3,13,6.683,387.327,7.900,2.522,0.000000,
328.000,ARRIVED,3678,4,4,16,8.721,354.143,3.120,2.475,0.000000,
328.000,ARRIVED,3679,4,1,15,1.971,397.932,3.740,1.000,0.000000,
328.000,ARRIVED,3680,4,8,20,3.654,376.816,7.570,1.000,0.000000,
329.000,ARRIVED,3681,0,6,19,3.075,387.431,2.162,1.000,0.000000,
329.000,ARRIVED,3682,1,7,19,4.950,431.036,3.424,1.000,0.000000,
329.000,ARRIVED,3683,1,4,15,8.968,409.557,2.555,1.000,0.000000,
329.000,ARRIVED,3684,3,9,17,6.376,435.614,6.773,1.000,0.000000,
329.000,ARRIVED,3685,3,5,12,7.489,402.065,2.158,2.705,0.000000,
329.000,ARRIVED,3686,3,6,11,5.788,420.876,4.524,2.815,0.000000,
329.000,ARRIVED,3687,4,4,20,8.460,448.252,7.901,1.000,0.000000,
330.000,ARRIVED,3688,1,6,15,2.658,445.568,5.184,1.000,0.000000,
330.000,ARRIVED,3689,1,10,7,1.796,448.050,7.407,1.000,0.000000,
330.000,ARRIVED,3690,2,4,4,1.420,437.610,3.139,1.000,0.000000,
330.000,ARRIVED,3691,2,3,2,9.964,448.233,5.045,1.000,0.000000,
330.000,ARRIVED,3692,3,7,13,3.309,405.683,7.539,1.000,0.000000,
330.000,ARRIVED,3693,3,8,20,8.198,417.648,4.780,1.000,0.000000,
330.000,ARRIVED,3694,3,1,6,6.747,418.230,5.587,1.000,0.000000,
330.000,ARRIVED,3695,3,10,8,1.479,433.441,5.597,2.043,0.000000,
330.000,ARRIVED,3696,3,7,1,9.340,395.361,3.153,1.000,0.000000,
330.000,ARRIVED,3697,3,4,10,6.878,405.933,3.511,1.000,0.000000,
330.000,ARRIVED,3698,3,10,14,9.820,372.331,7.047,1.515,0.000000,
330.000,ARRIVED,3699,3,1,19,8.314,380.436,6.250,1.000,0.000000,
330.000,ARRIVED,3700,4,4,20,9.369,393.568,3.341,1.000,0.000000,
330.000,ARRIVED,3701,4,2,11,7.218,360.501,3.089,2.343,0.000000,
330.000,ARRIVED,3702,4,1,12,9.316,354.908,4.692,1.000,0.000000,
330.077,FINISHED,310,1,9,13,6.783,105.625,3.916,2.195,0.000000,
330.077,STARTED,311,1,6,7,3.173,62.405,6.967,1.000,0.000000,observed_rate=2.000
331.000,ARRIVED,3703,1,1,16,3.714,424.830,2.110,1.900,0.000000,
331.000,ARRIVED,3704,2,3,10,4.645,384.690,2.156,1.000,0.000000,
331.000,ARRIVED,3705,3,7,16,5.629,393.296,5.302,1.887,0.000000,
331.000,ARRIVED,3706,3,1,9,9.871,428.150,7.840,1.000,0.000000,
331.000,ARRIVED,3707,3,6,15,5.345,406.437,5.542,1.000,0.000000,
331.000,ARRIVED,3708,4,3,4,9.624,449.060,7.158,1.000,0.000000,
332.000,ARRIVED,3709,1,3,19,7.796,442.149,7.408,1.000,0.000000,
332.000,ARRIVED,3710,1,10,3,2.149,378.548,4.887,1.995,0.000000,
332.000,ARRIVED,3711,1,5,8,2.554,406.564,5.063,1.000,0.000000,
332.000,ARRIVED,3712,2,3,13,3.211,366.324,3.021,1.000,0.000000,
332.000,ARRIVED,3713,2,8,4,3.241,370.930,4.703,2.041,0.000000,
332.000,ARRIVED,3714,3,7,13,9.227,426.023,2.913,1.974,0.000000,
332.000,ARRIVED,3715,3,2,1,5.851,441.850,3.666,1.000,0.000000,
332.000,ARRIVED,3716,3,6,13,8.826,358.848,2.153,1.618,0.000000,
332.000,ARRIVED,3717,4,9,19,7.573,379.730,3.645,1.000,0.000000,
332.000,ARRIVED,3718,4,4,19,6.036,403.686,5.198,1.000,0.000000,
332.000,ARRIVED,3719,4,6,16,7.144,428.290,2.949,1.000,0.000000,
333.000,ARRIVED,3720,1,3,8,5.117,358.530,4.808,1.000,0.000000,
333.000,ARRIVED,3721,2,9,1,3.036,403.414,2.517,2.392,0.000000,
333.000,ARRIVED,3722,3,6,6,1.775,359.654,3.867,1.760,0.000000,
333.000,ARRIVED,3723,3,7,8,4.888,392.824,3.847,2.200,0.000000,
333.000,ARRIVED,3724,3,8,20,1.561,362.574,6.827,1.000,0.000000,
333.000,ARRIVED,3725,4,2,19,7.932,415.612,6.215,2.141,0.000000,
333.522,FINISHED,765,0,2,13,9.840,90.957,7.051,1.000,0.000000,
333.522,STARTED,766,0,3,9,5.931,147.779,2.906,1.000,0.000000,observed_rate=0.000
334.000,ARRIVED,3726,0,4,14,5.491,389.634,6.543,1.000,0.000000,
334.000,ARRIVED,3727,0,1,12,1.865,427.367,2.727,1.000,0.000000,
334.000,ARRIVED,3728,1,10,7,6.337,451.954,4.370,1.922,0.000000,
334.000,ARRIVED,3729,1,5,8,9.701,370.001,2.652,2.437,0.000000,
334.000,ARRIVED,3730,1,3,16,7.866,361.440,5.779,1.000,0.000000,
334.000,ARRIVED,3731,2,6,8,6.290,371.528,3.332,1.786,0.000000,
334.000,ARRIVED,3732,2,6,18,4.258,365.203,2.886,2.805,0.000000,
334.000,ARRIVED,3733,3,7,16,3.047,356.968,6.764,1.000,0.000000,
334.000,ARRIVED,3734,3,5,12,5.816,403.666,6.201,1.000,0.000000,
334.729,FINISHED,345,3,3,13,6.235,104.789,7.243,1.000,0.000000,
334.729,STARTED,346,3,4,16,9.095,72.609,2.742,1.000,0.000000,observed_rate=2.000
335.000,ARRIVED,3735,1,8,1,3.766,386.656,5.542,1.000,0.000000,
335.000,ARRIVED,3736,3,2,18,1.454,438.569,7.235,1.000,0.000000,
335.000,ARRIVED,3737,3,8,14,5.218,435.121,4.361,2.603,0.000000,
335.000,ARRIVED,3738,3,4,3,7.646,451.060,5.393,1.000,0.000000,
335.000,ARRIVED,3739,3,4,4,5.408,378.303,6.872,1.666,0.000000,
335.000,ARRIVED,3740,3,9,15,7.236,410.615,5.298,1.000,0.000000,
335.000,ARRIVED,3741,4,2,20,8.494,429.742,5.422,2.616,0.000000,
335.000,ARRIVED,3742,4,9,17,2.694,398.458,6.092,1.000,0.000000,
335.000,ARRIVED,3743,4,2,4,3.886,387.203,6.929,1.000,0.000000,
335.000,ARRIVED,3744,4,4,17,2.576,406.943,5.469,1.000,0.000000,
335.000,ARRIVED,3745,4,7,1,8.949,428.453,2.013,1.000,0.000000,
336.000,ARRIVED,3746,0,3,5,7.747,434.082,5.808,1.000,0.000000,
336.000,ARRIVED,3747,1,7,18,2.193,393.709,2.057,1.000,0.000000,
336.000,ARRIVED,3748,2,6,6,9.279,382.656,7.386,1.000,0.000000,
336.000,ARRIVED,3749,3,3,8,2.006,422.052,3.274,1.000,0.000000,
336.000,ARRIVED,3750,3,10,18,8.983,381.687,7.545,1.000,0.000000,
336.000,ARRIVED,3751,3,1,19,9.955,363.523,6.931,1.000,0.000000,
336.000,ARRIVED,3752,4,6,16,4.353,363.168,6.413,1.962,0.000000,
336.000,ARRIVED,3753,4,4,5,4.653,421.915,6.061,2.319,0.000000,
336.000,ARRIVED,3754,4,7,1,3.318,428.737,7.315,1.000,0.000000,
336.000,ARRIVED,3755,4,8,1,4.233,447.227,4.115,1.000,0.000000,
336.000,ARRIVED,3756,4,6,20,4.476,409.925,4.349,1.000,0.000000,
336.000,ARRIVED,3757,4,4,2,6.888,415.235,7.321,1.000,0.000000,
336.000,ARRIVED,3758,4,5,5,2.323,405.252,6.395,1.000,0.000000,
336.428,FINISHED,766,0,3,9,5.931,147.779,2.906,1.000,0.000000,
336.428,STARTED,795,0,5,17,6.069,181.479,4.154,1.000,0.000000,observed_rate=1.000
337.000,ARRIVED,3759,0,4,8,3.758,365.461,7.218,1.000,0.000000,
337.000,ARRIVED,3760,0,1,20,6.394,423.625,4.308,1.000,0.000000,
337.000,ARRIVED,3761,1,6,11,3.293,447.859,3.371,1.000,0.000000,
337.000,ARRIVED,3762,2,10,1,7.410,367.051,5.363,1.000,0.000000,
337.000,ARRIVED,3763,2,10,8,4.852,415.806,7.337,1.000,0.000000,
337.000,ARRIVED,3764,2,4,16,9.578,360.965,5.923,1.000,0.000000,
337.000,ARRIVED,3765,3,3,14,9.234,372.046,7.419,1.000,0.000000,
337.000,ARRIVED,3766,3,4,12,7.878,417.479,4.386,1.000,0.000000,
337.000,ARRIVED,3767,3,10,11,3.705,451.134,3.372,1.000,0.000000,
337.000,ARRIVED,3768,3,7,6,5.994,433.930,4.649,1.000,0.000000,
337.000,ARRIVED,3769,4,9,14,6.231,423.553,7.080,1.000,0.000000,
337.000,ARRIVED,3770,4,5,1,5.379,407.827,6.436,1.000,0.000000,
337.044,FINISHED,311,1,6,7,3.173,62.405,6.967,1.000,0.000000,
337.044,STARTED,321,1,6,8,9.019,145.086,4.878,1.000,0.000000,observed_rate=1.000
337.470,FINISHED,346,3,4,16,9.095,72.609,2.742,1.000,0.000000,
337.470,STARTED,347,3,6,19,3.189,75.006,2.046,1.000,0.000000,observed_rate=4.000
337.620,FINISHED,421,2,3,17,4.093,150.415,6.045,1.676,0.000000,
337.620,STARTED,432,2,1,1,8.907,60.677,3.070,1.000,0.000000,observed_rate=3.000
338.000,ARRIVED,3771,0,6,4,9.586,439.028,5.382,1.000,0.000000,
338.000,ARRIVED,3772,2,10,12,2.228,370.613,6.295,2.050,0.000000,
338.000,ARRIVED,3773,3,10,20,8.522,407.703,2.254,1.000,0.000000,
338.000,ARRIVED,3774,4,6,3,9.762,396.365,3.059,1.000,0.000000,
338.000,ARRIVED,3775,4,5,20,5.390,368.627,6.270,1.000,0.000000,
338.000,ARRIVED,3776,4,4,15,1.351,409.236,2.204,2.095,0.000000,
339.000,ARRIVED,3777,1,9,2,7.647,427.625,5.749,2.898,0.000000,
339.000,ARRIVED,3778,1,5,15,2.493,431.291,3.346,1.000,0.000000,
339.000,ARRIVED,3779,2,1,8,9.841,374.337,4.602,1.000,0.000000,
339.000,ARRIVED,3780,3,9,1,4.149,387.399,3.577,1.000,0.000000,
339.000,ARRIVED,3781,3,5,2,1.244,424.639,5.826,1.000,0.000000,
339.000,ARRIVED,3782,3,3,18,1.059,427.931,7.789,1.000,0.000000,
339.000,ARRIVED,3783,3,6,15,7.392,434.310,3.944,2.349,0.000000,
339.000,ARRIVED,3784,4,5,6,5.634,389.195,2.736,1.000,0.000000,
339.000,ARRIVED,3785,4,6,3,2.941,386.186,3.552,1.000,0.000000,
339.000,ARRIVED,3786,4,2,7,7.469,389.605,7.731,1.000,0.000000,
339.000,ARRIVED,3787,4,4,14,5.052,451.152,3.500,1.000,0.000000,
339.000,ARRIVED,3788,4,6,9,8.998,376.268,5.872,1.000,0.000000,
339.149,FINISHED,299,4,2,15,6.185,65.188,7.287,1.801,0.000000,
339.149,STARTED,300,4,3,14,5.332,73.848,4.976,1.000,0.000000,observed_rate=5.000
339.516,FINISHED,347,3,6,19,3.189,75.006,2.046,1.000,0.000000,
339.516,STARTED,348,3,6,2,2.896,61.620,2.886,2.731,0.000000,observed_rate=4.000
339.516,OFFLOADED,349,3,8,4,3.308,147.737,3.133,1.000,0.000000,trigger=REACTIVE;observed_rate=4.000;smoothed_rate=3.175;predicted_queue=893.000;deadline_risk=false;decision_score=0.000000;offload_count=1;destination_node=-1;destination_policy=DROP
339.516,OFFLOADED,357,3,6,9,2.529,93.683,4.970,1.000,0.000000,trigger=REACTIVE;observed_rate=4.000;smoothed_rate=3.175;predicted_queue=893.000;deadline_risk=false;decision_score=0.000000;offload_count=1;destination_node=-1;destination_policy=DROP
339.516,OFFLOADED,358,3,3,6,4.754,66.892,2.735,1.000,0.000000,trigger=REACTIVE;observed_rate=4.000;smoothed_rate=3.175;predicted_queue=893.000;deadline_risk=false;decision_score=0.000000;offload_count=1;destination_node=-1;destination_policy=DROP
339.516,OFFLOADED,359,3,8,7,5.165,76.385,3.369,1.000,0.000000,trigger=REACTIVE;observed_rate=4.000;smoothed_rate=3.175;predicted_queue=893.000;deadline_risk=false;decision_score=0.000000;offload_count=1;destination_node=-1;destination_policy=DROP
339.516,OFFLOADED,360,3,5,14,8.837,85.301,2.321,1.000,0.000000,trigger=REACTIVE;observed_rate=4.000;smoothed_rate=3.175;predicted_queue=893.000;deadline_risk=false;decision_score=0.000000;offload_count=1;destination_node=-1;destination_policy=DROP
340.000,ARRIVED,3789,0,6,7,6.029,431.988,2.789,1.000,0.000000,
340.000,ARRIVED,3790,0,4,3,8.011,388.621,3.988,1.000,0.000000,
340.000,ARRIVED,3791,0,9,13,9.109,375.390,4.671,1.000,0.000000,
340.000,ARRIVED,3792,0,8,15,2.833,396.744,3.669,1.000,0.000000,
340.000,ARRIVED,3793,0,9,12,5.252,395.759,7.216,1.000,0.000000,
340.000,ARRIVED,3794,2,10,5,7.648,368.259,7.390,2.763,0.000000,
340.000,ARRIVED,3795,2,10,5,6.760,457.590,5.582,2.589,0.000000,
340.000,ARRIVED,3796,3,10,10,6.060,367.001,3.019,1.000,0.000000,
340.000,ARRIVED,3797,3,9,17,7.028,456.882,7.539,2.883,0.000000,
340.000,ARRIVED,3798,3,9,16,2.068,417.942,3.827,2.535,0.000000,
340.000,ARRIVED,3799,3,6,7,6.855,458.637,2.209,2.429,0.000000,
340.000,ARRIVED,3800,3,3,18,9.560,433.701,2.098,1.000,0.000000,
340.000,ARRIVED,3801,4,9,1,7.757,440.506,7.467,1.636,0.000000,
340.000,ARRIVED,3802,4,4,6,2.329,382.056,5.368,1.000,0.000000,
340.000,ARRIVED,3803,4,3,19,5.857,407.378,6.850,1.843,0.000000,
340.000,ARRIVED,3804,4,1,7,5.808,395.017,4.396,2.525,0.000000,
340.000,ARRIVED,3805,4,1,14,5.996,361.171,4.339,1.000,0.000000,
340.582,FINISHED,795,0,5,17,6.069,181.479,4.154,1.000,0.000000,
340.582,STARTED,804,0,5,4,1.044,110.557,5.689,2.106,0.000000,observed_rate=5.000
340.582,OFFLOADED,821,0,5,5,4.131,170.000,3.325,1.000,0.000000,trigger=REACTIVE;observed_rate=5.000;smoothed_rate=2.011;predicted_queue=203.000;deadline_risk=false;decision_score=0.000000;offload_count=1;destination_node=-1;destination_policy=DROP
340.582,OFFLOADED,833,0,9,18,3.504,122.954,7.319,1.000,0.000000,trigger=REACTIVE;observed_rate=5.000;smoothed_rate=2.011;predicted_queue=203.000;deadline_risk=false;decision_score=0.000000;offload_count=1;destination_node=-1;destination_policy=DROP
340.582,OFFLOADED,869,0,4,4,2.552,111.899,4.640,1.000,0.000000,trigger=REACTIVE;observed_rate=5.000;smoothed_rate=2.011;predicted_queue=203.000;deadline_risk=false;decision_score=0.000000;offload_count=1;destination_node=-1;destination_policy=DROP
340.582,OFFLOADED,870,0,9,4,7.266,160.675,6.808,1.000,0.000000,trigger=REACTIVE;observed_rate=5.000;smoothed_rate=2.011;predicted_queue=203.000;deadline_risk=false;decision_score=0.000000;offload_count=1;destination_node=-1;destination_policy=DROP
340.582,OFFLOADED,889,0,3,13,7.186,152.032,5.286,1.000,0.000000,trigger=REACTIVE;observed_rate=5.000;smoothed_rate=2.011;predicted_queue=203.000;deadline_risk=false;decision_score=0.000000;offload_count=1;destination_node=-1;destination_policy=DROP
340.690,FINISHED,432,2,1,1,8.907,60.677,3.070,1.000,0.000000,
340.690,STARTED,433,2,1,13,9.659,110.054,7.920,1.000,0.000000,observed_rate=2.000
341.000,ARRIVED,3806,2,9,17,5.965,459.288,2.890,1.575,0.000000,
341.000,ARRIVED,3807,2,6,13,2.224,391.256,6.589,1.000,0.000000,
341.000,ARRIVED,3808,3,7,17,4.333,443.994,3.655,1.000,0.000000,
341.000,ARRIVED,3809,3,6,19,1.790,371.942,6.339,1.000,0.000000,
341.000,ARRIVED,3810,3,10,4,8.241,431.948,5.308,1.000,0.000000,
341.000,ARRIVED,3811,3,7,3,8.276,411.800,7.777,1.000,0.000000,
341.000,ARRIVED,3812,4,8,15,3.959,378.067,2.911,2.602,0.000000,
341.000,ARRIVED,3813,4,10,2,5.692,455.810,5.550,2.847,0.000000,
341.922,FINISHED,321,1,6,8,9.019,145.086,4.878,1.000,0.000000,
341.922,STARTED,322,1,2,20,5.786,120.874,5.026,1.000,0.000000,observed_rate=0.000
342.000,ARRIVED,3814,1,2,13,8.987,438.735,6.476,1.000,0.000000,
342.000,ARRIVED,3815,1,1,20,8.735,362.023,3.060,1.000,0.000000,
342.000,ARRIVED,3816,2,2,9,7.244,386.142,2.326,1.000,0.000000,
342.000,ARRIVED,3817,3,1,13,4.049,427.151,6.330,2.334,0.000000,
342.000,ARRIVED,3818,3,9,15,8.839,406.548,5.323,2.657,0.000000,
342.000,ARRIVED,3819,3,9,9,2.722,377.917,5.965,1.000,0.000000,
342.000,ARRIVED,3820,4,7,5,4.027,405.990,3.493,1.000,0.000000,
343.000,ARRIVED,3821,1,8,19,3.390,377.869,5.953,2.399,0.000000,
343.000,ARRIVED,3822,1,6,6,2.980,440.281,5.706,1.000,0.000000,
343.000,ARRIVED,3823,4,3,12,1.318,425.152,4.300,1.000,0.000000,
343.000,ARRIVED,3824,4,8,9,1.871,418.476,4.261,1.000,0.000000,
343.000,ARRIVED,3825,4,1,11,8.625,458.142,7.333,1.000,0.000000,
343.000,ARRIVED,3826,4,6,8,9.530,383.010,4.449,2.779,0.000000,
343.000,ARRIVED,3827,4,1,10,8.074,415.649,2.522,1.531,0.000000,
343.000,ARRIVED,3828,4,5,12,3.376,393.490,3.334,1.000,0.000000,
344.000,ARRIVED,3829,0,10,4,6.941,432.439,7.774,2.765,0.000000,
344.000,ARRIVED,3830,1,7,6,1.954,368.221,4.938,2.201,0.000000,
344.000,ARRIVED,3831,1,10,13,4.790,459.155,4.518,1.000,0.000000,
344.000,ARRIVED,3832,1,3,7,5.613,455.849,4.352,1.000,0.000000,
344.000,ARRIVED,3833,2,8,1,9.534,395.149,4.491,1.000,0.000000,
344.000,ARRIVED,3834,2,9,15,1.507,447.287,2.658,2.116,0.000000,
344.000,ARRIVED,3835,2,2,9,3.986,403.247,3.482,1.000,0.000000,
344.000,ARRIVED,3836,2,7,2,5.491,429.718,7.238,1.000,0.000000,
344.000,ARRIVED,3837,2,10,10,5.492,412.649,3.017,2.629,0.000000,
344.000,ARRIVED,3838,3,1,13,9.446,447.081,7.553,1.000,0.000000,
344.000,ARRIVED,3839,4,8,2,2.521,385.840,2.938,1.000,0.000000,
344.000,ARRIVED,3840,4,5,7,3.597,448.526,6.810,1.000,0.000000,
344.000,ARRIVED,3841,4,5,19,2.774,461.943,6.348,2.796,0.000000,
344.000,ARRIVED,3842,4,10,13,1.031,427.068,2.938,1.000,0.000000,
344.000,ARRIVED,3843,4,8,16,1.188,453.272,2.080,1.000,0.000000,
344.126,FINISHED,300,4,3,14,5.332,73.848,4.976,1.000,0.000000,
344.126,STARTED,301,4,1,4,2.360,53.369,7.243,1.000,0.000000,observed_rate=5.000
345.000,ARRIVED,3844,0,5,16,4.779,445.929,4.767,1.000,0.000000,
345.000,ARRIVED,3845,1,10,13,3.812,446.907,4.179,1.000,0.000000,
345.000,ARRIVED,3846,2,6,5,2.420,443.788,3.549,1.000,0.000000,
345.000,ARRIVED,3847,3,9,5,6.717,449.949,5.114,1.000,0.000000,
345.000,ARRIVED,3848,3,5,17,9.397,382.555,2.793,1.000,0.000000,
345.000,ARRIVED,3849,3,5,2,1.738,366.724,4.135,1.000,0.000000,
345.000,ARRIVED,3850,3,4,15,1.697,407.101,3.960,1.000,0.000000,
345.000,ARRIVED,3851,3,6,19,8.891,373.051,3.508,1.843,0.000000,
345.000,ARRIVED,3852,3,2,16,9.574,385.880,2.080,1.000,0.000000,
346.000,ARRIVED,3853,0,10,13,9.788,410.497,3.650,1.000,0.000000,
346.000,ARRIVED,3854,1,4,8,1.550,457.032,7.388,1.000,0.000000,
346.000,ARRIVED,3855,2,7,17,1.908,428.981,5.969,1.000,0.000000,
346.000,ARRIVED,3856,2,10,3,2.946,368.368,2.355,1.000,0.000000,
346.000,ARRIVED,3857,2,7,3,9.214,368.682,4.030,2.834,0.000000,
346.000,ARRIVED,3858,3,8,13,5.921,382.018,6.590,1.000,0.000000,
346.000,ARRIVED,3859,3,6,5,5.380,438.585,5.901,1.000,0.000000,
346.000,ARRIVED,3860,4,5,10,1.748,380.536,3.007,1.000,0.000000,
346.000,ARRIVED,3861,4,9,11,6.159,373.368,4.424,1.000,0.000000,
346.000,ARRIVED,3862,4,9,7,4.242,379.061,3.990,1.000,0.000000,
346.000,ARRIVED,3863,4,2,6,9.747,427.940,6.816,1.000,0.000000,
346.947,FINISHED,322,1,2,20,5.786,120.874,5.026,1.000,0.000000,
346.947,STARTED,334,1,8,3,5.840,65.876,3.920,1.000,0.000000,observed_rate=1.000
347.000,ARRIVED,3864,0,9,13,5.613,444.446,3.754,1.000,0.000000,
347.000,ARRIVED,3865,2,9,6,7.140,420.741,3.841,1.000,0.000000,
347.000,ARRIVED,3866,3,2,9,7.860,383.949,2.301,1.586,0.000000,
347.000,ARRIVED,3867,3,8,5,4.695,371.238,6.199,1.000,0.000000,
347.000,ARRIVED,3868,4,1,10,1.884,367.204,6.400,1.000,0.000000,
347.000,ARRIVED,3869,4,10,4,7.562,457.533,6.818,1.000,0.000000,
347.000,ARRIVED,3870,4,3,20,7.321,433.987,7.091,1.000,0.000000,
347.399,FINISHED,348,3,6,2,2.896,61.620,2.886,2.731,0.000000,
347.399,STARTED,361,3,1,20,4.771,79.080,6.490,1.000,0.000000,observed_rate=2.000
348.000,ARRIVED,3871,0,1,15,7.588,464.190,7.032,1.000,0.000000,
348.000,ARRIVED,3872,1,3,15,9.618,418.227,2.753,1.884,0.000000,
348.000,ARRIVED,3873,2,10,16,8.293,384.774,5.638,1.851,0.000000,
348.000,ARRIVED,3874,2,6,1,1.183,409.968,4.696,1.000,0.000000,
348.000,ARRIVED,3875,2,5,8,8.346,412.317,4.318,1.000,0.000000,
348.000,ARRIVED,3876,3,6,18,4.567,394.565,7.660,2.933,0.000000,
348.000,ARRIVED,3877,3,5,1,2.016,432.294,2.187,1.000,0.000000,
348.000,ARRIVED,3878,3,3,11,3.203,376.478,5.160,1.000,0.000000,
348.000,ARRIVED,3879,4,1,10,1.312,393.090,2.621,1.000,0.000000,
348.000,ARRIVED,3880,4,6,13,5.444,443.098,6.791,1.000,0.000000,
348.000,ARRIVED,3881,4,6,20,3.950,430.553,6.576,1.000,0.000000,
348.611,FINISHED,433,2,1,13,9.659,110.054,7.920,1.000,0.000000,
348.611,STARTED,434,2,9,13,4.022,149.271,7.272,1.000,0.000000,observed_rate=3.000
349.000,ARRIVED,3882,1,8,15,4.735,395.811,5.162,1.000,0.000000,
349.000,ARRIVED,3883,2,9,10,2.745,415.292,7.805,1.000,0.000000,
349.000,ARRIVED,3884,2,4,12,6.262,369.300,6.309,1.000,0.000000,
349.000,ARRIVED,3885,3,6,12,8.038,416.398,6.034,1.000,0.000000,
349.000,ARRIVED,3886,3,7,17,4.959,427.663,2.271,1.000,0.000000,
349.000,ARRIVED,3887,3,8,2,1.820,468.858,2.404,1.000,0.000000,
349.000,ARRIVED,3888,3,3,18,7.870,450.361,6.610,1.000,0.000000,
349.000,ARRIVED,3889,4,6,15,4.182,379.235,6.390,1.000,0.000000,
350.000,ARRIVED,3890,0,6,16,7.686,438.084,3.870,1.000,0.000000,
350.000,ARRIVED,3891,3,8,11,3.342,419.829,6.182,1.680,0.000000,
350.000,ARRIVED,3892,3,4,19,8.890,405.402,7.200,1.000,0.000000,
350.000,ARRIVED,3893,3,4,17,9.148,373.266,4.285,2.174,0.000000,
350.000,ARRIVED,3894,4,6,5,9.226,406.598,6.399,1.000,0.000000,
350.000,ARRIVED,3895,4,9,1,2.996,423.784,6.124,1.000,0.000000,
350.000,ARRIVED,3896,4,5,13,1.424,462.419,7.208,1.000,0.000000,
350.867,FINISHED,334,1,8,3,5.840,65.876,3.920,1.000,0.000000,
350.867,STARTED,335,1,9,17,9.177,72.428,6.117,1.000,0.000000,observed_rate=0.000
351.000,ARRIVED,3897,1,7,6,9.735,437.772,3.650,1.000,0.000000,
351.000,ARRIVED,3898,2,3,11,6.999,465.328,7.044,1.000,0.000000,
351.000,ARRIVED,3899,3,8,4,5.331,400.867,5.090,1.000,0.000000,
351.000,ARRIVED,3900,3,4,3,9.384,439.473,4.724,1.000,0.000000,
351.000,ARRIVED,3901,3,8,4,3.808,386.594,7.941,1.628,0.000000,
351.000,ARRIVED,3902,3,3,15,7.696,466.737,7.625,2.280,0.000000,
351.000,ARRIVED,3903,3,4,10,9.398,393.969,2.398,1.000,0.000000,
351.000,ARRIVED,3904,4,10,17,7.303,413.270,2.336,1.000,0.000000,
351.000,ARRIVED,3905,4,6,11,1.443,388.955,5.899,1.000,0.000000,
351.000,ARRIVED,3906,4,5,13,5.823,383.340,4.450,2.855,0.000000,
351.000,ARRIVED,3907,4,9,18,9.482,412.712,4.565,1.000,0.000000,
351.000,ARRIVED,3908,4,7,9,6.942,402.424,6.036,2.476,0.000000,
351.000,ARRIVED,3909,4,5,9,4.547,452.702,3.657,1.000,0.000000,
351.369,FINISHED,301,4,1,4,2.360,53.369,7.243,1.000,0.000000,
351.369,STARTED,302,4,5,8,5.193,101.958,2.506,2.312,0.000000,observed_rate=6.000
351.369,OFFLOADED,303,4,4,2,3.512,95.621,3.646,2.030,0.000000,trigger=REACTIVE;observed_rate=6.000;smoothed_rate=3.641;predicted_queue=1262.000;deadline_risk=false;decision_score=0.000000;offload_count=1;destination_node=-1;destination_policy=DROP
351.369,OFFLOADED,304,4,10,15,6.476,76.311,3.117,1.886,0.000000,trigger=REACTIVE;observed_rate=6.000;smoothed_rate=3.641;predicted_queue=1262.000;deadline_risk=false;decision_score=0.000000;offload_count=1;destination_node=-1;destination_policy=DROP
351.369,OFFLOADED,305,4,7,4,1.211,146.427,7.058,1.000,0.000000,trigger=REACTIVE;observed_rate=6.000;smoothed_rate=3.641;predicted_queue=1262.000;deadline_risk=false;decision_score=0.000000;offload_count=1;destination_node=-1;destination_policy=DROP
351.369,OFFLOADED,319,4,10,5,8.384,129.061,2.674,1.000,0.000000,trigger=REACTIVE;observed_rate=6.000;smoothed_rate=3.641;predicted_queue=1262.000;deadline_risk=false;decision_score=0.000000;offload_count=1;destination_node=-1;destination_policy=DROP
351.369,OFFLOADED,329,4,1,13,4.766,61.749,2.761,1.000,0.000000,trigger=REACTIVE;observed_rate=6.000;smoothed_rate=3.641;predicted_queue=1262.000;deadline_risk=false;decision_score=0.000000;offload_count=1;destination_node=-1;destination_policy=DROP
352.000,ARRIVED,3910,0,8,11,3.322,449.390,4.089,1.000,0.000000,
352.000,ARRIVED,3911,0,7,10,6.722,450.361,3.064,1.000,0.000000,
352.000,ARRIVED,3912,1,1,18,8.460,437.034,6.657,1.000,0.000000,
352.000,ARRIVED,3913,1,6,12,4.173,450.709,3.219,1.000,0.000000,
352.000,ARRIVED,3914,1,8,20,4.112,394.876,4.023,2.472,0.000000,
352.000,ARRIVED,3915,1,8,16,1.171,414.003,5.361,1.000,0.000000,
352.000,ARRIVED,3916,2,6,4,5.389,427.951,2.347,1.000,0.000000,
352.000,ARRIVED,3917,2,8,15,2.253,424.820,4.763,1.581,0.000000,
352.000,ARRIVED,3918,2,4,12,1.405,417.966,4.901,1.000,0.000000,
352.000,ARRIVED,3919,3,5,20,9.671,379.268,4.190,1.000,0.000000,
352.000,ARRIVED,3920,4,8,20,7.993,408.482,7.896,1.000,0.000000,
352.000,ARRIVED,3921,4,8,16,2.387,402.435,2.964,2.113,0.000000,
352.562,FINISHED,804,0,5,4,1.044,110.557,5.689,2.106,0.000000,
352.562,STARTED,903,0,3,19,5.159,176.581,7.502,1.690,0.000000,observed_rate=2.000
353.000,ARRIVED,3922,0,10,5,2.610,448.641,2.565,1.000,0.000000,
353.000,ARRIVED,3923,0,2,6,2.793,418.928,7.974,1.000,0.000000,
353.000,ARRIVED,3924,2,6,20,6.196,411.363,6.963,2.594,0.000000,
353.000,ARRIVED,3925,3,1,9,4.464,458.975,7.458,1.000,0.000000,
353.000,ARRIVED,3926,4,9,6,2.803,444.815,6.980,2.175,0.000000,
353.000,ARRIVED,3927,4,7,13,7.107,378.362,2.976,2.010,0.000000,
353.000,ARRIVED,3928,4,1,10,9.889,381.743,4.106,2.680,0.000000,
353.000,ARRIVED,3929,4,7,17,9.852,410.149,4.168,1.000,0.000000,
353.000,ARRIVED,3930,4,10,12,4.593,414.590,4.164,1.000,0.000000,
353.000,ARRIVED,3931,4,8,4,1.815,424.139,2.556,2.086,0.000000,
353.888,FINISHED,361,3,1,20,4.771,79.080,6.490,1.000,0.000000,
353.888,STARTED,368,3,4,8,5.173,68.953,5.291,1.828,0.000000,observed_rate=1.000
354.000,ARRIVED,3932,1,6,10,8.475,461.802,6.398,2.581,0.000000,
354.000,ARRIVED,3933,3,6,5,4.810,412.268,2.481,1.000,0.000000,
354.000,ARRIVED,3934,3,5,16,5.827,385.237,5.401,1.000,0.000000,
354.000,ARRIVED,3935,3,7,4,3.052,417.626,6.038,1.000,0.000000,
354.000,ARRIVED,3936,3,6,7,2.491,471.260,7.560,2.409,0.000000,
354.000,ARRIVED,3937,3,10,14,1.874,416.818,6.849,1.000,0.000000,
354.000,ARRIVED,3938,3,8,6,8.141,382.280,7.133,1.000,0.000000,
354.000,ARRIVED,3939,3,5,19,7.803,446.771,7.470,1.000,0.000000,
354.000,ARRIVED,3940,3,3,6,1.951,385.361,3.986,1.534,0.000000,
354.000,ARRIVED,3941,4,7,10,2.226,377.147,4.030,2.979,0.000000,
354.000,ARRIVED,3942,4,9,1,6.402,448.463,3.871,1.000,0.000000,
354.000,ARRIVED,3943,4,1,5,3.757,389.474,3.255,1.000,0.000000,
354.000,ARRIVED,3944,4,2,8,5.654,454.478,2.252,1.000,0.000000,
354.000,ARRIVED,3945,4,7,3,5.815,450.609,2.231,1.000,0.000000,
355.000,ARRIVED,3946,1,2,14,3.654,446.033,7.705,1.000,0.000000,
355.000,ARRIVED,3947,3,9,10,7.545,448.665,5.783,2.152,0.000000,
355.000,ARRIVED,3948,3,7,14,2.578,458.694,7.295,1.000,0.000000,
355.000,ARRIVED,3949,3,6,11,4.965,435.172,4.661,2.448,0.000000,
355.000,ARRIVED,3950,4,5,7,5.783,456.834,3.190,1.000,0.000000,
355.000,ARRIVED,3951,4,6,5,7.962,442.073,5.014,1.000,0.000000,
355.000,ARRIVED,3952,4,2,17,8.192,439.129,5.873,2.352,0.000000,
355.000,ARRIVED,3953,4,9,1,4.760,387.311,2.364,1.000,0.000000,
355.882,FINISHED,434,2,9,13,4.022,149.271,7.272,1.000,0.000000,
355.882,STARTED,450,2,3,2,8.655,106.402,5.570,1.000,0.000000,observed_rate=0.000
356.000,ARRIVED,3954,0,7,18,1.321,445.661,7.849,1.000,0.000000,
356.000,ARRIVED,3955,2,7,15,1.191,415.206,2.618,1.000,0.000000,
356.000,ARRIVED,3956,4,10,3,3.393,470.121,6.259,1.000,0.000000,
356.984,FINISHED,335,1,9,17,9.177,72.428,6.117,1.000,0.000000,
356.984,STARTED,336,1,6,15,2.776,128.917,6.439,1.000,0.000000,observed_rate=0.000
357.000,ARRIVED,3957,0,9,2,9.242,379.170,6.464,1.000,0.000000,
357.000,ARRIVED,3958,0,1,9,9.710,460.984,3.166,1.000,0.000000,
357.000,ARRIVED,3959,1,9,5,8.747,433.553,5.327,1.000,0.000000,
357.000,ARRIVED,3960,2,9,10,5.209,430.202,7.009,1.000,0.000000,
357.000,ARRIVED,3961,2,5,20,1.270,461.160,3.174,1.000,0.000000,
357.000,ARRIVED,3962,2,10,1,1.705,403.640,2.750,1.000,0.000000,
357.000,ARRIVED,3963,2,4,15,9.021,471.084,2.335,1.000,0.000000,
357.000,ARRIVED,3964,3,10,16,6.840,470.445,5.595,1.000,0.000000,
357.000,ARRIVED,3965,3,5,7,1.452,458.933,3.800,1.000,0.000000,
357.000,ARRIVED,3966,3,7,13,8.829,435.205,2.861,1.000,0.000000,
357.000,ARRIVED,3967,4,4,8,4.229,382.613,7.037,1.718,0.000000,
357.000,ARRIVED,3968,4,2,4,9.372,452.419,4.178,1.000,0.000000,
357.163,FINISHED,302,4,5,8,5.193,101.958,2.506,2.312,0.000000,
357.163,STARTED,330,4,2,1,7.016,51.348,5.590,1.000,0.000000,observed_rate=2.000
358.000,ARRIVED,3969,0,2,14,5.213,399.500,4.345,1.000,0.000000,
358.000,ARRIVED,3970,2,5,17,6.864,403.607,3.794,1.000,0.000000,
358.000,ARRIVED,3971,2,6,13,7.706,448.441,5.267,1.000,0.000000,
358.000,ARRIVED,3972,3,7,9,5.084,397.086,6.943,2.656,0.000000,
358.000,ARRIVED,3973,3,7,16,2.595,414.253,6.645,1.000,0.000000,
358.000,ARRIVED,3974,3,5,14,1.030,399.633,3.024,1.000,0.000000,
358.000,ARRIVED,3975,3,10,16,5.521,424.087,7.399,1.000,0.000000,
358.000,ARRIVED,3976,4,2,18,9.623,430.961,5.635,1.000,0.000000,
358.000,ARRIVED,3977,4,10,18,4.274,415.473,5.474,1.000,0.000000,
359.000,ARRIVED,3978,1,5,9,1.600,400.889,3.276,1.000,0.000000,
359.000,ARRIVED,3979,1,2,4,5.584,448.559,5.578,1.000,0.000000,
359.000,ARRIVED,3980,1,1,19,4.510,471.500,4.938,1.000,0.000000,
359.000,ARRIVED,3981,2,2,1,1.209,460.804,6.376,1.550,0.000000,
359.000,ARRIVED,3982,2,7,17,8.928,411.442,6.389,2.238,0.000000,
359.000,ARRIVED,3983,3,6,9,5.438,429.292,5.147,1.910,0.000000,
359.000,ARRIVED,3984,4,9,13,5.225,405.034,2.264,1.000,0.000000,
359.000,ARRIVED,3985,4,8,17,2.516,422.051,3.810,2.603,0.000000,
359.000,ARRIVED,3986,4,10,13,8.168,386.080,3.330,1.000,0.000000,
359.000,ARRIVED,3987,4,1,18,4.550,383.527,3.493,1.000,0.000000,
359.000,ARRIVED,3988,4,6,20,5.727,473.542,6.589,1.000,0.000000,
360.000,ARRIVED,3989,0,9,20,6.512,413.193,6.877,1.000,0.000000,
360.000,ARRIVED,3990,0,9,14,5.233,438.651,2.491,1.000,0.000000,
360.000,ARRIVED,3991,0,3,16,6.916,412.897,7.700,1.000,0.000000,
360.000,ARRIVED,3992,1,2,15,5.605,435.690,3.559,2.486,0.000000,
360.000,ARRIVED,3993,1,3,8,8.801,438.456,7.991,1.000,0.000000,
360.000,ARRIVED,3994,1,7,10,7.594,468.407,7.170,1.000,0.000000,
360.000,ARRIVED,3995,2,10,3,7.167,396.335,7.631,1.000,0.000000,
360.000,ARRIVED,3996,2,2,10,6.605,456.476,7.462,1.000,0.000000,
360.000,ARRIVED,3997,2,1,2,9.033,459.082,4.949,1.000,0.000000,
360.000,ARRIVED,3998,3,7,11,3.609,389.374,7.226,1.856,0.000000,
360.000,ARRIVED,3999,3,4,11,3.360,381.683,4.639,1.000,0.000000,
360.000,ARRIVED,4000,3,1,4,8.069,429.592,5.509,2.089,0.000000,
360.000,ARRIVED,4001,3,7,13,7.456,384.697,5.071,1.000,0.000000,
360.000,ARRIVED,4002,4,10,4,5.504,448.636,7.281,1.000,0.000000,
360.000,ARRIVED,4003,4,5,19,9.796,387.931,4.581,1.000,0.000000,
360.000,ARRIVED,4004,4,8,8,1.473,419.948,2.002,1.000,0.000000,
360.000,ARRIVED,4005,4,7,17,7.305,458.417,6.434,1.641,0.000000,
360.000,ARRIVED,4006,4,2,10,9.050,440.576,5.754,1.000,0.000000,
361.000,ARRIVED,4007,2,4,15,3.597,413.391,4.414,1.000,0.000000,
361.000,ARRIVED,4008,2,4,18,7.891,412.885,3.893,2.608,0.000000,
361.000,ARRIVED,4009,2,4,4,7.511,388.267,6.813,1.000,0.000000,
361.000,ARRIVED,4010,3,1,3,1.998,449.895,3.119,1.000,0.000000,
361.000,ARRIVED,4011,4,2,1,7.046,474.083,7.158,1.000,0.000000,
361.000,ARRIVED,4012,4,3,1,3.754,470.564,6.010,1.000,0.000000,
361.000,ARRIVED,4013,4,1,15,7.056,428.752,7.866,1.000,0.000000,
361.000,ARRIVED,4014,4,4,13,2.175,416.466,4.080,1.000,0.000000,
361.000,ARRIVED,4015,4,10,16,3.159,451.886,5.617,2.597,0.000000,
361.453,FINISHED,450,2,3,2,8.655,106.402,5.570,1.000,0.000000,
361.453,STARTED,451,2,6,3,2.289,96.777,3.386,1.000,0.000000,observed_rate=3.000
362.000,ARRIVED,4016,0,10,7,6.531,408.968,7.760,1.000,0.000000,
362.000,ARRIVED,4017,0,8,13,1.884,397.936,7.856,2.422,0.000000,
362.000,ARRIVED,4018,1,9,20,1.441,392.683,4.899,1.000,0.000000,
362.000,ARRIVED,4019,1,3,1,8.279,454.864,2.070,1.000,0.000000,
362.000,ARRIVED,4020,2,4,6,1.733,383.049,3.680,1.000,0.000000,
362.000,ARRIVED,4021,2,4,3,1.982,383.915,3.094,1.000,0.000000,
362.000,ARRIVED,4022,2,10,11,8.342,475.486,2.465,1.000,0.000000,
362.000,ARRIVED,4023,3,5,14,9.593,481.502,3.682,2.152,0.000000,
362.000,ARRIVED,4024,3,7,18,1.887,446.416,6.943,1.000,0.000000,
362.000,ARRIVED,4025,4,2,14,6.076,433.293,7.274,1.829,0.000000,
362.000,ARRIVED,4026,4,4,18,5.134,437.188,7.853,1.000,0.000000,
362.000,ARRIVED,4027,4,5,15,3.881,467.494,6.767,1.000,0.000000,
362.000,ARRIVED,4028,4,8,17,5.538,476.989,7.021,1.000,0.000000,
362.753,FINISHED,330,4,2,1,7.016,51.348,5.590,1.000,0.000000,
362.753,STARTED,331,4,3,10,9.226,51.799,6.462,1.000,0.000000,observed_rate=4.000
363.000,ARRIVED,4029,1,7,13,1.810,431.613,4.767,1.000,0.000000,
363.000,ARRIVED,4030,1,1,16,8.606,458.036,4.871,1.000,0.000000,
363.000,ARRIVED,4031,1,2,2,4.091,458.468,7.073,2.508,0.000000,
363.000,ARRIVED,4032,2,10,9,2.848,401.522,5.099,1.000,0.000000,
363.000,ARRIVED,4033,2,2,15,5.806,395.755,7.704,2.833,0.000000,
363.000,ARRIVED,4034,3,9,7,1.125,478.327,6.296,1.000,0.000000,
363.000,ARRIVED,4035,3,3,2,3.185,447.197,2.786,1.000,0.000000,
363.000,ARRIVED,4036,3,4,18,2.343,455.901,4.238,1.000,0.000000,
363.000,ARRIVED,4037,3,5,3,9.889,482.017,4.418,1.000,0.000000,
363.000,ARRIVED,4038,3,7,3,1.366,473.677,4.781,1.000,0.000000,
363.000,ARRIVED,4039,3,4,20,8.177,442.925,7.310,1.000,0.000000,
363.000,ARRIVED,4040,3,6,20,7.907,436.991,5.169,1.000,0.000000,
363.000,ARRIVED,4041,3,6,14,2.113,448.334,7.488,1.000,0.000000,
363.000,ARRIVED,4042,4,10,7,2.208,459.720,2.112,1.882,0.000000,
363.000,ARRIVED,4043,4,7,8,9.038,470.597,3.627,1.000,0.000000,
363.000,ARRIVED,4044,4,2,19,3.996,393.296,4.856,2.991,0.000000,
363.000,ARRIVED,4045,4,8,9,5.140,460.868,2.123,1.000,0.000000,
363.000,ARRIVED,4046,4,6,8,9.476,403.901,5.406,1.726,0.000000,
363.423,FINISHED,336,1,6,15,2.776,128.917,6.439,1.000,0.000000,
363.423,STARTED,337,1,1,4,4.856,72.370,6.823,1.000,0.000000,observed_rate=3.000
363.560,FINISHED,368,3,4,8,5.173,68.953,5.291,1.828,0.000000,
363.560,STARTED,369,3,5,9,3.670,58.994,4.387,1.000,0.000000,observed_rate=8.000
364.000,ARRIVED,4047,1,1,8,5.633,450.024,6.831,1.720,0.000000,
364.000,ARRIVED,4048,2,9,10,3.550,420.062,5.375,1.000,0.000000,
364.000,ARRIVED,4049,2,9,18,2.846,392.359,5.478,2.433,0.000000,
364.000,ARRIVED,4050,2,1,2,9.928,411.431,6.417,1.000,0.000000,
364.000,ARRIVED,4051,3,9,8,6.240,470.316,4.362,1.000,0.000000,
364.000,ARRIVED,4052,3,10,3,4.434,407.851,4.383,1.000,0.000000,
364.000,ARRIVED,4053,3,10,12,9.634,420.260,4.490,1.000,0.000000,
364.000,ARRIVED,4054,3,2,7,7.170,458.286,6.817,1.000,0.000000,
364.000,ARRIVED,4055,4,3,14,7.876,403.426,3.497,2.984,0.000000,
364.838,FINISHED,451,2,6,3,2.289,96.777,3.386,1.000,0.000000,
364.838,STARTED,462,2,7,3,5.593,155.339,5.206,1.000,0.000000,observed_rate=3.000
365.000,ARRIVED,4056,1,1,18,2.898,425.305,6.022,1.000,0.000000,
365.000,ARRIVED,4057,2,3,10,3.869,389.659,4.806,1.000,0.000000,
365.000,ARRIVED,4058,2,8,11,2.807,430.124,5.145,1.000,0.000000,
365.000,ARRIVED,4059,2,9,11,3.428,398.042,3.018,2.228,0.000000,
365.000,ARRIVED,4060,2,2,13,2.144,468.571,5.094,1.000,0.000000,
365.000,ARRIVED,4061,2,10,9,1.259,431.113,2.769,1.000,0.000000,
365.000,ARRIVED,4062,3,8,12,4.339,433.666,3.410,1.000,0.000000,
365.000,ARRIVED,4063,3,8,3,5.360,435.575,6.320,1.000,0.000000,
365.000,ARRIVED,4064,4,3,9,5.306,394.814,3.452,1.000,0.000000,
365.000,ARRIVED,4065,4,8,8,2.436,409.481,5.669,1.000,0.000000,
365.000,ARRIVED,4066,4,10,16,7.379,414.555,4.896,1.000,0.000000,
365.000,ARRIVED,4067,4,8,11,1.517,409.756,2.812,1.000,0.000000,
365.000,ARRIVED,4068,4,9,11,9.396,387.856,6.325,1.000,0.000000,
365.000,ARRIVED,4069,4,9,13,6.419,392.118,2.726,1.000,0.000000,
365.000,ARRIVED,4070,4,2,19,4.951,425.349,4.453,1.000,0.000000,
365.000,ARRIVED,4071,4,9,10,9.900,458.332,3.450,1.000,0.000000,
365.000,ARRIVED,4072,4,7,11,6.206,475.091,5.200,1.000,0.000000,
365.236,FINISHED,903,0,3,19,5.159,176.581,7.502,1.690,0.000000,
365.236,STARTED,972,0,7,16,9.776,191.689,3.597,1.000,0.000000,observed_rate=0.000
366.000,ARRIVED,4073,1,5,14,3.104,472.848,2.722,2.205,0.000000,
366.000,ARRIVED,4074,1,10,18,2.047,457.164,6.887,2.100,0.000000,
366.000,ARRIVED,4075,2,4,6,5.132,413.272,4.931,1.000,0.000000,
366.000,ARRIVED,4076,4,3,16,1.501,484.148,7.276,1.000,0.000000,
366.000,ARRIVED,4077,4,10,14,4.399,412.457,5.123,1.000,0.000000,
366.000,ARRIVED,4078,4,3,7,8.018,478.091,7.502,1.000,0.000000,
367.000,ARRIVED,4079,0,9,20,1.086,443.408,2.373,2.091,0.000000,
367.000,ARRIVED,4080,1,8,18,8.666,392.527,5.288,2.962,0.000000,
367.000,ARRIVED,4081,1,8,2,9.120,479.312,6.316,1.000,0.000000,
367.000,ARRIVED,4082,2,1,8,5.130,399.348,7.859,1.000,0.000000,
367.000,ARRIVED,4083,3,1,16,4.310,441.307,7.961,1.000,0.000000,
367.000,ARRIVED,4084,3,6,6,9.252,408.822,6.148,1.000,0.000000,
367.000,ARRIVED,4085,3,9,10,1.657,418.173,2.297,1.000,0.000000,
367.000,ARRIVED,4086,3,7,2,8.563,477.324,2.844,2.614,0.000000,
367.000,ARRIVED,4087,4,7,17,1.453,430.936,2.888,1.000,0.000000,
367.000,ARRIVED,4088,4,1,20,3.396,445.303,7.038,1.000,0.000000,
367.000,ARRIVED,4089,4,3,2,5.282,449.761,6.953,1.000,0.000000,
367.000,ARRIVED,4090,4,1,19,4.737,462.187,5.724,1.000,0.000000,
367.000,ARRIVED,4091,4,7,19,3.513,437.606,3.407,1.000,0.000000,
367.000,ARRIVED,4092,4,9,11,9.681,480.597,5.328,1.000,0.000000,
367.000,ARRIVED,4093,4,2,2,7.262,460.423,5.403,1.000,0.000000,
367.947,FINISHED,369,3,5,9,3.670,58.994,4.387,1.000,0.000000,
367.947,STARTED,370,3,8,2,5.162,110.677,4.340,1.000,0.000000,observed_rate=4.000
368.000,ARRIVED,4094,0,5,7,9.252,457.755,2.929,1.000,0.000000,
368.000,ARRIVED,4095,1,3,16,9.338,423.093,5.950,2.781,0.000000,
368.000,ARRIVED,4096,2,1,10,5.231,463.320,6.010,1.000,0.000000,
368.000,ARRIVED,4097,3,3,8,7.177,405.251,5.903,1.000,0.000000,
368.000,ARRIVED,4098,3,7,1,1.605,389.889,5.396,1.979,0.000000,
368.000,ARRIVED,4099,4,5,13,4.879,438.503,2.312,2.149,0.000000,
368.000,ARRIVED,4100,4,10,20,9.635,403.084,7.827,1.000,0.000000,
368.000,ARRIVED,4101,4,8,16,8.260,418.816,2.674,1.000,0.000000,
368.000,ARRIVED,4102,4,7,10,8.056,435.741,6.480,1.000,0.000000,
368.000,ARRIVED,4103,4,1,17,7.922,455.699,5.235,2.858,0.000000,
368.000,ARRIVED,4104,4,10,7,2.041,486.792,4.369,1.000,0.000000,
368.000,ARRIVED,4105,4,9,19,9.210,410.238,2.012,1.000,0.000000,
368.833,FINISHED,972,0,7,16,9.776,191.689,3.597,1.000,0.000000,
368.833,STARTED,973,0,10,12,8.445,143.132,3.054,1.000,0.000000,observed_rate=1.000
369.000,ARRIVED,4106,0,5,14,6.439,444.062,4.588,1.000,0.000000,
369.000,ARRIVED,4107,1,8,8,2.155,454.255,3.653,2.752,0.000000,
369.000,ARRIVED,4108,2,5,1,7.904,466.531,7.567,1.000,0.000000,
369.000,ARRIVED,4109,3,9,2,9.076,402.741,2.126,1.000,0.000000,
369.000,ARRIVED,4110,3,3,12,8.202,478.731,4.505,1.000,0.000000,
369.000,ARRIVED,4111,4,7,19,6.634,450.261,2.202,1.000,0.000000,
369.000,ARRIVED,4112,4,10,3,4.931,440.618,2.194,2.900,0.000000,
369.000,ARRIVED,4113,4,4,16,9.840,484.808,5.485,2.315,0.000000,
369.000,ARRIVED,4114,4,5,19,3.763,475.642,6.378,1.000,0.000000,
369.215,FINISHED,331,4,3,10,9.226,51.799,6.462,1.000,0.000000,
369.215,STARTED,332,4,4,11,4.499,143.100,3.810,1.000,0.000000,observed_rate=4.000
370.000,ARRIVED,4115,1,2,10,7.419,428.699,6.564,1.000,0.000000,
370.000,ARRIVED,4116,2,9,16,8.075,408.280,2.304,1.000,0.000000,
370.000,ARRIVED,4117,2,10,3,3.243,422.829,5.416,1.000,0.000000,
370.000,ARRIVED,4118,2,4,4,3.052,410.234,7.852,1.000,0.000000,
370.000,ARRIVED,4119,2,3,17,7.340,438.623,2.803,2.025,0.000000,
370.000,ARRIVED,4120,3,6,20,2.956,465.172,3.386,1.000,0.000000,
370.000,ARRIVED,4121,3,8,18,1.004,418.810,5.154,1.000,0.000000,
370.000,ARRIVED,4122,3,10,17,9.145,430.847,2.635,1.000,0.000000,
370.000,ARRIVED,4123,3,7,5,7.463,423.134,3.570,1.555,0.000000,
370.000,ARRIVED,4124,3,1,9,4.698,488.101,2.391,2.386,0.000000,
370.000,ARRIVED,4125,4,8,1,7.705,411.783,4.687,2.316,0.000000,
370.000,ARRIVED,4126,4,4,11,3.477,456.785,4.185,1.000,0.000000,
370.000,ARRIVED,4127,4,6,15,5.680,467.024,4.397,1.550,0.000000,
370.000,ARRIVED,4128,4,3,5,2.746,474.052,5.765,1.000,0.000000,
370.000,ARRIVED,4129,4,3,12,2.800,463.268,3.492,1.569,0.000000,
370.044,FINISHED,462,2,7,3,5.593,155.339,5.206,1.000,0.000000,
370.044,STARTED,463,2,7,11,4.013,101.542,3.806,1.000,0.000000,observed_rate=4.000
370.246,FINISHED,337,1,1,4,4.856,72.370,6.823,1.000,0.000000,
370.246,STARTED,338,1,9,7,8.625,112.030,2.963,1.000,0.000000,observed_rate=1.000
371.000,ARRIVED,4130,0,4,19,6.610,398.487,3.717,1.000,0.000000,
371.000,ARRIVED,4131,1,8,15,7.658,471.929,3.163,1.000,0.000000,
371.000,ARRIVED,4132,1,4,5,5.930,477.659,5.260,1.000,0.000000,
371.000,ARRIVED,4133,2,7,9,5.658,436.946,5.210,1.000,0.000000,
371.000,ARRIVED,4134,3,2,13,2.295,411.581,3.048,1.000,0.000000,
371.000,ARRIVED,4135,3,8,11,8.191,452.246,5.287,1.646,0.000000,
371.000,ARRIVED,4136,3,3,5,9.623,392.488,3.304,2.798,0.000000,
371.000,ARRIVED,4137,3,9,2,2.447,405.766,7.573,1.000,0.000000,
371.000,ARRIVED,4138,3,6,5,8.500,451.289,6.496,1.919,0.000000,
371.000,ARRIVED,4139,4,4,9,3.223,442.056,7.722,1.000,0.000000,
371.000,ARRIVED,4140,4,5,15,5.979,413.664,3.137,1.000,0.000000,
371.000,ARRIVED,4141,4,7,14,9.226,411.270,7.349,1.000,0.000000,
371.000,ARRIVED,4142,4,4,6,1.652,398.628,3.279,1.000,0.000000,
371.000,ARRIVED,4143,4,8,12,7.466,392.829,4.366,1.000,0.000000,
371.000,ARRIVED,4144,4,5,4,6.247,461.411,5.896,1.000,0.000000,
371.887,FINISHED,973,0,10,12,8.445,143.132,3.054,1.000,0.000000,
371.887,STARTED,986,0,3,5,8.998,158.503,4.199,1.000,0.000000,observed_rate=1.000
372.000,ARRIVED,4145,0,3,5,7.537,461.704,2.394,1.000,0.000000,
372.000,ARRIVED,4146,0,5,3,9.262,483.162,5.016,1.000,0.000000,
372.000,ARRIVED,4147,1,1,15,3.446,490.078,7.833,1.699,0.000000,
372.000,ARRIVED,4148,2,10,13,5.055,461.989,3.095,1.000,0.000000,
372.000,ARRIVED,4149,2,10,13,3.709,435.116,5.813,2.141,0.000000,
372.000,ARRIVED,4150,3,7,9,9.115,465.916,7.521,1.000,0.000000,
372.000,ARRIVED,4151,3,4,17,7.370,482.551,3.274,1.000,0.000000,
372.000,ARRIVED,4152,3,4,14,9.487,481.603,7.741,1.000,0.000000,
372.000,ARRIVED,4153,3,6,11,6.739,405.074,3.211,1.000,0.000000,
372.000,ARRIVED,4154,3,3,11,5.454,473.550,7.840,1.000,0.000000,
372.000,ARRIVED,4155,3,6,12,5.038,393.334,2.680,1.000,0.000000,
372.000,ARRIVED,4156,3,7,9,5.741,433.986,2.300,1.000,0.000000,
372.000,ARRIVED,4157,4,1,6,8.504,490.011,5.778,2.334,0.000000,
372.000,ARRIVED,4158,4,2,7,7.742,403.681,2.413,1.000,0.000000,
372.000,ARRIVED,4159,4,6,12,1.956,488.091,4.035,1.803,0.000000,
372.286,FINISHED,370,3,8,2,5.162,110.677,4.340,1.000,0.000000,
372.286,STARTED,379,3,2,20,5.510,91.242,6.515,1.642,0.000000,observed_rate=7.000
372.286,OFFLOADED,380,3,3,4,4.894,140.324,6.915,1.000,0.000000,trigger=REACTIVE;observed_rate=7.000;smoothed_rate=4.715;predicted_queue=988.000;deadline_risk=false;decision_score=0.000000;offload_count=1;destination_node=-1;destination_policy=DROP
372.286,OFFLOADED,381,3,1,2,4.533,152.271,2.252,2.507,0.000000,trigger=REACTIVE;observed_rate=7.000;smoothed_rate=4.715;predicted_queue=988.000;deadline_risk=false;decision_score=0.000000;offload_count=1;destination_node=-1;destination_policy=DROP
372.286,OFFLOADED,382,3,8,16,1.968,77.138,2.139,1.924,0.000000,trigger=REACTIVE;observed_rate=7.000;smoothed_rate=4.715;predicted_queue=988.000;deadline_risk=false;decision_score=0.000000;offload_count=1;destination_node=-1;destination_policy=DROP
372.286,OFFLOADED,388,3,3,1,3.472,58.814,3.635,2.136,0.000000,trigger=REACTIVE;observed_rate=7.000;smoothed_rate=4.715;predicted_queue=988.000;deadline_risk=false;decision_score=0.000000;offload_count=1;destination_node=-1;destination_policy=DROP
372.286,OFFLOADED,404,3,7,10,6.314,127.931,4.160,1.000,0.000000,trigger=REACTIVE;observed_rate=7.000;smoothed_rate=4.715;predicted_queue=988.000;deadline_risk=false;decision_score=0.000000;offload_count=1;destination_node=-1;destination_policy=DROP
373.000,ARRIVED,4160,2,8,19,4.510,433.090,7.255,1.712,0.000000,
373.000,ARRIVED,4161,3,1,8,6.498,437.456,7.087,1.567,0.000000,
373.000,ARRIVED,4162,4,7,20,6.759,394.087,4.927,2.739,0.000000,
373.000,ARRIVED,4163,4,10,3,3.178,434.347,2.554,1.000,0.000000,
373.000,ARRIVED,4164,4,6,11,9.254,483.388,3.566,2.037,0.000000,
373.000,ARRIVED,4165,4,9,12,7.711,432.444,6.294,1.000,0.000000,
373.000,ARRIVED,4166,4,7,16,4.131,471.676,2.691,1.000,0.000000,
373.000,ARRIVED,4167,4,9,17,4.557,393.131,2.571,1.000,0.000000,
373.025,FINISHED,332,4,4,11,4.499,143.100,3.810,1.000,0.000000,
373.025,STARTED,350,4,10,2,6.312,80.560,2.532,1.585,0.000000,observed_rate=6.000
373.025,OFFLOADED,351,4,6,16,5.373,99.348,6.792,1.000,0.000000,trigger=REACTIVE;observed_rate=6.000;smoothed_rate=5.080;predicted_queue=1350.000;deadline_risk=false;decision_score=0.000000;offload_count=1;destination_node=-1;destination_policy=DROP
373.025,OFFLOADED,352,4,3,13,9.829,105.818,5.419,2.686,0.000000,trigger=REACTIVE;observed_rate=6.000;smoothed_rate=5.080;predicted_queue=1350.000;deadline_risk=false;decision_score=0.000000;offload_count=1;destination_node=-1;destination_policy=DROP
373.025,OFFLOADED,362,4,2,20,2.185,60.775,7.374,1.951,0.000000,trigger=REACTIVE;observed_rate=6.000;smoothed_rate=5.080;predicted_queue=1350.000;deadline_risk=false;decision_score=0.000000;offload_count=1;destination_node=-1;destination_policy=DROP
373.025,OFFLOADED,363,4,4,6,5.531,142.699,3.546,1.000,0.000000,trigger=REACTIVE;observed_rate=6.000;smoothed_rate=5.080;predicted_queue=1350.000;deadline_risk=false;decision_score=0.000000;offload_count=1;destination_node=-1;destination_policy=DROP
373.025,OFFLOADED,371,4,10,12,5.544,108.413,2.796,1.000,0.000000,trigger=REACTIVE;observed_rate=6.000;smoothed_rate=5.080;predicted_queue=1350.000;deadline_risk=false;decision_score=0.000000;offload_count=1;destination_node=-1;destination_policy=DROP
373.209,FINISHED,338,1,9,7,8.625,112.030,2.963,1.000,0.000000,
373.209,STARTED,377,1,9,6,8.088,101.482,6.833,1.741,0.000000,observed_rate=0.000
373.850,FINISHED,463,2,7,11,4.013,101.542,3.806,1.000,0.000000,
373.850,STARTED,479,2,1,16,3.948,82.051,3.482,1.000,0.000000,observed_rate=1.000
374.000,ARRIVED,4168,1,7,4,5.447,451.509,4.758,1.000,0.000000,
374.000,ARRIVED,4169,1,10,17,7.331,407.949,5.116,1.000,0.000000,
374.000,ARRIVED,4170,1,6,15,6.571,420.425,3.409,1.000,0.000000,
374.000,ARRIVED,4171,2,3,12,3.539,482.055,3.008,1.000,0.000000,
374.000,ARRIVED,4172,3,2,9,8.775,420.789,7.915,1.000,0.000000,
374.000,ARRIVED,4173,3,5,15,1.019,467.631,3.035,1.973,0.000000,
374.000,ARRIVED,4174,4,4,14,1.619,490.018,2.942,1.000,0.000000,
375.000,ARRIVED,4175,0,3,2,5.889,441.228,2.927,1.000,0.000000,
375.000,ARRIVED,4176,0,9,12,7.132,470.874,4.793,1.000,0.000000,
375.000,ARRIVED,4177,1,1,6,1.408,418.492,2.974,1.000,0.000000,
375.000,ARRIVED,4178,1,1,2,6.346,487.891,3.776,1.000,0.000000,
375.000,ARRIVED,4179,1,6,5,7.634,428.499,5.691,1.000,0.000000,
375.000,ARRIVED,4180,2,3,2,9.464,397.971,6.967,1.000,0.000000,
375.000,ARRIVED,4181,2,5,12,4.822,448.613,3.893,2.988,0.000000,
375.000,ARRIVED,4182,2,10,16,4.633,461.419,4.766,1.000,0.000000,
375.000,ARRIVED,4183,2,3,10,3.431,406.878,2.419,1.000,0.000000,
375.000,ARRIVED,4184,3,2,9,1.258,399.426,4.992,1.000,0.000000,
375.000,ARRIVED,4185,3,1,9,2.752,416.272,5.084,1.000,0.000000,
375.000,ARRIVED,4186,3,6,1,5.131,455.199,5.875,1.000,0.000000,
375.000,ARRIVED,4187,3,8,10,9.645,475.783,3.473,1.000,0.000000,
375.000,ARRIVED,4188,4,6,12,5.473,413.625,6.914,1.991,0.000000,
375.000,ARRIVED,4189,4,4,11,8.997,485.450,3.671,1.607,0.000000,
375.000,ARRIVED,4190,4,10,2,2.447,460.998,5.232,1.000,0.000000,
375.000,ARRIVED,4191,4,7,3,4.074,398.288,7.617,1.000,0.000000,
375.000,ARRIVED,4192,4,4,7,1.318,410.527,2.173,1.000,0.000000,
375.000,ARRIVED,4193,4,8,14,5.927,433.976,5.608,1.599,0.000000,
376.000,ARRIVED,4194,0,2,16,6.631,440.766,5.038,1.000,0.000000,
376.000,ARRIVED,4195,1,1,8,7.589,397.514,2.787,1.000,0.000000,
376.000,ARRIVED,4196,1,3,6,8.163,480.738,5.819,1.000,0.000000,
376.000,ARRIVED,4197,2,8,18,6.122,399.311,5.639,1.000,0.000000,
376.000,ARRIVED,4198,3,1,17,4.189,401.082,6.949,1.872,0.000000,
376.000,ARRIVED,4199,3,1,7,6.531,426.824,5.686,2.112,0.000000,
376.000,ARRIVED,4200,3,3,2,7.370,483.244,5.838,2.529,0.000000,
376.000,ARRIVED,4201,3,3,18,6.807,398.247,2.728,1.000,0.000000,
376.000,ARRIVED,4202,4,4,12,5.358,483.957,5.155,1.000,0.000000,
376.000,ARRIVED,4203,4,2,20,9.108,436.444,4.382,1.000,0.000000,
376.087,FINISHED,986,0,3,5,8.998,158.503,4.199,1.000,0.000000,
376.087,STARTED,1049,0,1,15,3.462,163.410,3.640,1.000,0.000000,observed_rate=1.000
377.000,ARRIVED,4204,0,5,5,4.139,485.901,3.068,1.000,0.000000,
377.000,ARRIVED,4205,1,5,3,1.095,400.917,5.866,2.928,0.000000,
377.000,ARRIVED,4206,1,5,9,1.908,414.989,3.178,1.000,0.000000,
377.000,ARRIVED,4207,1,5,11,3.221,492.487,7.570,1.000,0.000000,
377.000,ARRIVED,4208,2,8,5,3.191,474.138,2.506,1.000,0.000000,
377.000,ARRIVED,4209,2,7,8,3.485,456.403,7.874,1.000,0.000000,
377.000,ARRIVED,4210,2,3,4,8.898,415.584,4.146,2.667,0.000000,
377.000,ARRIVED,4211,2,7,2,3.242,405.212,2.916,2.928,0.000000,
377.000,ARRIVED,4212,3,5,3,7.101,444.477,6.959,1.000,0.000000,
377.000,ARRIVED,4213,3,1,8,8.110,461.567,3.336,1.000,0.000000,
377.000,ARRIVED,4214,4,5,14,3.193,442.886,7.422,2.968,0.000000,
377.000,ARRIVED,4215,4,1,7,3.000,456.534,2.779,1.000,0.000000,
377.038,FINISHED,350,4,10,2,6.312,80.560,2.532,1.585,0.000000,
377.038,STARTED,372,4,4,12,5.475,66.276,2.698,1.000,0.000000,observed_rate=2.000
377.332,FINISHED,479,2,1,16,3.948,82.051,3.482,1.000,0.000000,
377.332,STARTED,480,2,9,13,2.400,129.605,4.520,1.000,0.000000,observed_rate=4.000
378.000,ARRIVED,4216,1,2,7,5.181,454.073,5.818,1.501,0.000000,
378.000,ARRIVED,4217,1,9,11,7.355,480.276,3.834,1.000,0.000000,
378.000,ARRIVED,4218,2,2,4,9.895,432.169,5.242,1.000,0.000000,
378.000,ARRIVED,4219,3,2,6,9.408,398.158,3.847,1.000,0.000000,
378.000,ARRIVED,4220,4,8,18,2.338,465.076,7.086,1.000,0.000000,
378.000,ARRIVED,4221,4,7,10,8.935,478.044,5.495,1.000,0.000000,
378.000,ARRIVED,4222,4,6,11,2.337,428.834,7.752,1.000,0.000000,
378.000,ARRIVED,4223,4,9,19,4.399,494.102,7.336,1.000,0.000000,
378.000,ARRIVED,4224,4,6,10,1.247,434.883,5.523,1.000,0.000000,
379.000,ARRIVED,4225,0,5,16,8.375,479.328,3.837,1.000,0.000000,
379.000,ARRIVED,4226,2,10,6,9.345,449.192,5.339,1.000,0.000000,
379.000,ARRIVED,4227,2,2,20,1.551,454.709,3.302,1.000,0.000000,
379.000,ARRIVED,4228,3,5,6,9.680,478.107,2.553,2.866,0.000000,
379.000,ARRIVED,4229,3,6,11,2.797,474.951,3.251,1.000,0.000000,
379.000,ARRIVED,4230,3,4,12,1.771,439.028,5.273,1.000,0.000000,
379.000,ARRIVED,4231,3,3,16,3.849,434.334,5.161,1.000,0.000000,
379.000,ARRIVED,4232,3,10,13,6.337,495.969,6.336,1.000,0.000000,
379.727,FINISHED,1049,0,1,15,3.462,163.410,3.640,1.000,0.000000,
379.727,STARTED,1050,0,3,13,4.992,141.372,6.266,2.955,0.000000,observed_rate=1.000
379.736,FINISHED,372,4,4,12,5.475,66.276,2.698,1.000,0.000000,
379.736,STARTED,373,4,4,8,3.550,116.534,6.462,1.000,0.000000,observed_rate=0.000
380.000,ARRIVED,4233,0,8,11,2.697,445.683,7.967,1.951,0.000000,
380.000,ARRIVED,4234,0,10,9,7.651,458.614,2.205,1.000,0.000000,
380.000,ARRIVED,4235,0,8,7,3.311,487.781,3.463,1.000,0.000000,
380.000,ARRIVED,4236,2,5,18,2.896,465.494,5.270,1.000,0.000000,
380.000,ARRIVED,4237,3,1,18,7.559,478.064,5.419,2.877,0.000000,
380.000,ARRIVED,4238,3,6,9,7.181,406.660,2.231,1.000,0.000000,
380.000,ARRIVED,4239,3,4,16,9.445,434.292,3.372,1.000,0.000000,
380.000,ARRIVED,4240,3,8,9,9.562,469.319,2.055,2.040,0.000000,
380.000,ARRIVED,4241,4,9,6,9.423,428.019,5.425,1.000,0.000000,
380.000,ARRIVED,4242,4,1,4,9.516,484.456,6.204,1.000,0.000000,
380.000,ARRIVED,4243,4,8,4,4.184,498.046,6.036,1.000,0.000000,
381.000,ARRIVED,4244,1,5,18,2.096,449.324,4.806,1.000,0.000000,
381.000,ARRIVED,4245,1,3,6,7.990,498.455,2.651,1.000,0.000000,
381.000,ARRIVED,4246,3,3,6,8.716,472.578,6.974,1.000,0.000000,
381.000,ARRIVED,4247,3,5,7,7.224,408.813,6.861,1.000,0.000000,
381.000,ARRIVED,4248,3,4,16,5.046,463.016,6.285,1.000,0.000000,
381.000,ARRIVED,4249,3,8,20,5.794,438.046,2.093,1.000,0.000000,
381.000,ARRIVED,4250,3,10,1,4.354,482.739,7.549,1.000,0.000000,
381.000,ARRIVED,4251,3,7,8,7.091,401.232,7.676,1.000,0.000000,
381.000,ARRIVED,4252,4,1,20,8.825,420.661,4.157,1.000,0.000000,
381.000,ARRIVED,4253,4,6,17,2.153,467.113,7.767,1.000,0.000000,
381.000,ARRIVED,4254,4,9,16,6.326,492.961,5.954,2.665,0.000000,
381.000,ARRIVED,4255,4,8,5,3.194,468.702,2.514,1.000,0.000000,
381.852,FINISHED,480,2,9,13,2.400,129.605,4.520,1.000,0.000000,
381.852,STARTED,481,2,3,16,9.569,154.190,3.418,1.000,0.000000,observed_rate=0.000
382.000,ARRIVED,4256,1,9,19,1.217,480.326,7.710,1.000,0.000000,
382.000,ARRIVED,4257,1,7,20,5.675,493.690,3.508,1.000,0.000000,
382.000,ARRIVED,4258,3,7,15,6.294,465.708,2.951,1.000,0.000000,
382.000,ARRIVED,4259,4,7,17,4.027,453.644,7.271,1.000,0.000000,
382.000,ARRIVED,4260,4,8,20,6.576,403.259,4.017,1.000,0.000000,
382.000,ARRIVED,4261,4,3,1,8.170,470.706,5.010,1.000,0.000000,
382.987,FINISHED,379,3,2,20,5.510,91.242,6.515,1.642,0.000000,
382.987,STARTED,405,3,8,7,4.062,153.357,4.337,1.000,0.000000,observed_rate=1.000
383.000,ARRIVED,4262,0,1,3,7.512,491.247,2.753,2.969,0.000000,
383.000,ARRIVED,4263,1,7,3,4.072,439.214,3.322,2.749,0.000000,
383.000,ARRIVED,4264,2,4,13,4.378,412.550,4.034,1.000,0.000000,
383.000,ARRIVED,4265,3,4,5,1.032,437.513,7.910,1.000,0.000000,
383.000,ARRIVED,4266,4,5,9,1.093,474.043,2.483,1.000,0.000000,
383.000,ARRIVED,4267,4,7,13,4.340,502.625,3.606,1.000,0.000000,
384.000,ARRIVED,4268,0,4,12,2.310,443.345,4.389,1.000,0.000000,
384.000,ARRIVED,4269,1,2,8,1.252,439.646,3.870,1.000,0.000000,
384.000,ARRIVED,4270,2,10,19,1.403,430.204,6.169,2.768,0.000000,
384.000,ARRIVED,4271,2,6,18,7.708,472.160,5.326,1.000,0.000000,
384.000,ARRIVED,4272,2,2,11,7.188,497.350,5.492,2.878,0.000000,
384.000,ARRIVED,4273,2,1,11,3.254,404.623,6.071,1.000,0.000000,
384.000,ARRIVED,4274,2,1,7,4.668,477.884,4.800,1.000,0.000000,
384.000,ARRIVED,4275,2,10,8,1.353,429.285,5.595,1.000,0.000000,
384.000,ARRIVED,4276,3,9,8,2.294,433.276,5.475,1.000,0.000000,
384.000,ARRIVED,4277,3,10,17,3.121,497.580,2.766,1.000,0.000000,
384.000,ARRIVED,4278,3,4,5,5.745,416.994,2.724,1.000,0.000000,
384.000,ARRIVED,4279,4,3,8,7.931,413.252,2.773,1.000,0.000000,
384.000,ARRIVED,4280,4,2,8,9.800,453.672,6.645,1.000,0.000000,
384.000,ARRIVED,4281,4,10,17,5.615,452.717,6.705,1.000,0.000000,
384.000,ARRIVED,4282,4,2,17,4.574,496.383,6.575,1.000,0.000000,
385.000,ARRIVED,4283,2,9,10,9.262,424.877,6.655,1.000,0.000000,
385.000,ARRIVED,4284,2,3,13,4.677,468.331,2.366,1.000,0.000000,
385.000,ARRIVED,4285,2,10,16,3.847,420.089,2.145,1.000,0.000000,
385.000,ARRIVED,4286,3,8,1,3.105,496.333,5.484,1.000,0.000000,
385.000,ARRIVED,4287,4,6,4,4.194,441.263,2.831,2.001,0.000000,
385.000,ARRIVED,4288,4,9,16,3.216,491.354,5.141,1.000,0.000000,
385.000,ARRIVED,4289,4,1,14,4.757,428.853,4.195,1.000,0.000000,
385.000,ARRIVED,4290,4,1,2,4.994,502.774,7.262,1.000,0.000000,
385.000,ARRIVED,4291,4,6,8,6.603,410.052,2.897,1.000,0.000000,
385.000,ARRIVED,4292,4,4,3,5.887,470.508,5.202,1.000,0.000000,
385.000,ARRIVED,4293,4,7,9,4.280,486.267,5.003,1.000,0.000000,
385.108,FINISHED,377,1,9,6,8.088,101.482,6.833,1.741,0.000000,
385.108,STARTED,378,1,8,5,3.657,63.057,6.843,1.000,0.000000,observed_rate=0.000
385.270,FINISHED,481,2,3,16,9.569,154.190,3.418,1.000,0.000000,
385.270,STARTED,495,2,7,16,3.319,149.807,5.832,1.000,0.000000,observed_rate=3.000
386.000,ARRIVED,4294,2,3,19,6.381,442.838,7.972,2.140,0.000000,
386.000,ARRIVED,4295,2,3,7,4.405,474.378,2.811,1.000,0.000000,
386.000,ARRIVED,4296,3,1,11,4.581,460.577,7.460,1.000,0.000000,
386.000,ARRIVED,4297,3,3,5,1.157,431.171,3.826,1.000,0.000000,
386.000,ARRIVED,4298,3,6,3,3.795,473.817,7.982,1.928,0.000000,
386.000,ARRIVED,4299,3,6,8,2.858,425.477,6.463,1.000,0.000000,
386.000,ARRIVED,4300,4,6,11,1.216,447.109,3.850,1.811,0.000000,
386.000,ARRIVED,4301,4,9,18,7.397,463.914,2.891,1.000,0.000000,
386.000,ARRIVED,4302,4,2,20,6.692,451.111,7.196,1.000,0.000000,
386.000,ARRIVED,4303,4,9,7,4.565,479.096,4.117,1.000,0.000000,
386.000,ARRIVED,4304,4,10,4,3.692,485.418,2.580,1.000,0.000000,
386.000,ARRIVED,4305,4,2,12,3.244,429.980,6.097,2.514,0.000000,
386.000,ARRIVED,4306,4,4,8,5.211,421.627,7.855,1.689,0.000000,
386.000,ARRIVED,4307,4,9,19,8.121,472.270,4.048,1.688,0.000000,
386.198,FINISHED,373,4,4,8,3.550,116.534,6.462,1.000,0.000000,
386.198,STARTED,374,4,8,16,7.725,92.693,7.330,1.000,0.000000,observed_rate=8.000
387.000,ARRIVED,4308,1,4,14,3.052,492.927,6.908,1.000,0.000000,
387.000,ARRIVED,4309,2,10,6,4.878,503.731,4.849,1.000,0.000000,
387.000,ARRIVED,4310,3,4,1,8.425,439.413,4.591,2.974,0.000000,
387.000,ARRIVED,4311,4,6,6,1.092,416.544,3.248,1.000,0.000000,
387.000,ARRIVED,4312,4,2,6,8.932,426.168,7.967,1.000,0.000000,
387.000,ARRIVED,4313,4,5,19,7.881,471.418,2.187,1.000,0.000000,
387.323,FINISHED,405,3,8,7,4.062,153.357,4.337,1.000,0.000000,
387.323,STARTED,422,3,6,3,4.207,158.139,7.590,2.197,0.000000,observed_rate=1.000
388.000,ARRIVED,4314,1,9,13,2.400,436.951,7.303,1.000,0.000000,
388.000,ARRIVED,4315,2,3,11,7.171,473.742,4.769,2.723,0.000000,
388.000,ARRIVED,4316,2,8,8,6.378,499.236,6.679,1.000,0.000000,
388.000,ARRIVED,4317,3,9,6,9.805,480.000,5.501,1.000,0.000000,
388.000,ARRIVED,4318,3,3,2,1.606,498.113,2.994,1.000,0.000000,
388.000,ARRIVED,4319,4,4,3,2.180,458.868,5.338,1.000,0.000000,
388.000,ARRIVED,4320,4,4,1,5.894,463.083,2.261,1.000,0.000000,
388.000,ARRIVED,4321,4,7,19,1.357,501.198,5.378,1.000,0.000000,
388.000,ARRIVED,4322,4,6,9,4.122,454.692,2.368,1.000,0.000000,
389.000,ARRIVED,4323,2,2,16,5.495,430.836,7.526,2.891,0.000000,
389.000,ARRIVED,4324,3,10,20,6.325,508.195,2.285,1.000,0.000000,
389.000,ARRIVED,4325,3,5,4,1.385,506.554,2.682,1.000,0.000000,
389.000,ARRIVED,4326,4,3,8,5.293,460.334,3.107,1.000,0.000000,
389.000,ARRIVED,4327,4,1,8,5.384,470.115,4.839,1.000,0.000000,
389.000,ARRIVED,4328,4,10,10,1.041,417.515,7.683,1.000,0.000000,
390.000,ARRIVED,4329,0,5,6,2.248,460.331,3.829,1.000,0.000000,
390.000,ARRIVED,4330,1,1,18,2.493,456.124,5.707,1.000,0.000000,
390.000,ARRIVED,4331,2,8,2,5.575,459.963,2.162,2.305,0.000000,
390.000,ARRIVED,4332,2,2,17,1.173,499.299,4.144,2.463,0.000000,
390.000,ARRIVED,4333,3,2,13,9.505,466.900,5.123,1.000,0.000000,
390.000,ARRIVED,4334,3,9,5,9.939,441.079,6.189,1.000,0.000000,
390.000,ARRIVED,4335,3,4,11,6.674,457.781,2.878,1.000,0.000000,
390.000,ARRIVED,4336,3,3,8,3.647,457.540,5.505,1.000,0.000000,
390.000,ARRIVED,4337,4,3,7,7.444,425.167,4.046,2.582,0.000000,
390.000,ARRIVED,4338,4,10,9,7.246,506.629,4.986,1.000,0.000000,
390.000,ARRIVED,4339,4,6,11,8.800,486.871,6.983,1.000,0.000000,
391.000,ARRIVED,4340,0,9,8,4.141,421.779,3.410,1.868,0.000000,
391.000,ARRIVED,4341,0,7,14,4.488,461.706,5.556,1.000,0.000000,
391.000,ARRIVED,4342,2,6,18,5.582,476.166,2.322,1.000,0.000000,
391.000,ARRIVED,4343,2,2,20,5.227,445.824,2.198,1.000,0.000000,
391.000,ARRIVED,4344,3,4,16,9.102,477.970,2.507,1.000,0.000000,
391.000,ARRIVED,4345,3,3,10,9.764,494.681,7.691,1.000,0.000000,
391.000,ARRIVED,4346,3,7,1,5.914,422.046,2.573,1.000,0.000000,
391.000,ARRIVED,4347,3,10,12,8.248,431.902,7.109,1.000,0.000000,
391.000,ARRIVED,4348,3,3,8,8.918,504.497,2.554,1.000,0.000000,
391.000,ARRIVED,4349,3,4,19,5.880,506.009,4.069,1.000,0.000000,
391.000,ARRIVED,4350,3,9,7,8.765,478.590,5.859,1.550,0.000000,
391.000,ARRIVED,4351,4,5,20,6.703,433.479,3.299,1.000,0.000000,
391.102,FINISHED,495,2,7,16,3.319,149.807,5.832,1.000,0.000000,
391.102,STARTED,500,2,10,18,5.662,101.076,4.477,1.000,0.000000,observed_rate=2.000
391.951,FINISHED,378,1,8,5,3.657,63.057,6.843,1.000,0.000000,
391.951,STARTED,401,1,6,10,6.661,65.508,6.805,1.000,0.000000,observed_rate=0.000
392.000,ARRIVED,4352,1,6,10,6.428,422.509,7.275,1.000,0.000000,
392.000,ARRIVED,4353,1,10,15,4.939,434.050,3.074,1.000,0.000000,
392.000,ARRIVED,4354,1,2,11,8.570,449.125,7.496,1.000,0.000000,
392.000,ARRIVED,4355,3,10,17,5.597,497.595,2.843,2.168,0.000000,
392.000,ARRIVED,4356,4,6,5,5.396,427.177,6.544,1.000,0.000000,
392.000,ARRIVED,4357,4,3,14,3.134,500.331,3.552,2.823,0.000000,
392.000,ARRIVED,4358,4,8,10,8.422,437.853,7.519,1.000,0.000000,
392.000,ARRIVED,4359,4,9,15,3.886,511.252,6.687,1.989,0.000000,
393.000,ARRIVED,4360,0,10,4,7.094,439.705,5.461,1.000,0.000000,
393.000,ARRIVED,4361,0,7,11,3.407,484.416,6.694,1.729,0.000000,
393.000,ARRIVED,4362,1,8,10,8.511,440.965,2.600,1.685,0.000000,
393.000,ARRIVED,4363,2,10,14,6.573,500.183,2.601,1.000,0.000000,
393.000,ARRIVED,4364,3,4,3,2.195,457.328,4.310,1.000,0.000000,
393.000,ARRIVED,4365,3,5,3,1.220,461.938,6.485,1.000,0.000000,
393.000,ARRIVED,4366,4,3,17,6.927,487.649,6.143,1.000,0.000000,
393.000,ARRIVED,4367,4,8,17,1.036,503.593,2.389,1.000,0.000000,
393.000,ARRIVED,4368,4,4,1,8.482,413.645,7.351,2.614,0.000000,
393.000,ARRIVED,4369,4,1,7,1.475,479.140,3.160,1.000,0.000000,
393.528,FINISHED,374,4,8,16,7.725,92.693,7.330,1.000,0.000000,
393.528,STARTED,375,4,9,3,8.923,107.829,6.932,1.000,0.000000,observed_rate=4.000
394.000,ARRIVED,4370,0,5,2,5.965,482.119,3.776,1.000,0.000000,
394.000,ARRIVED,4371,0,9,8,3.486,476.169,3.885,1.532,0.000000,
394.000,ARRIVED,4372,1,10,17,6.297,440.298,3.974,1.000,0.000000,
394.000,ARRIVED,4373,3,7,14,4.199,497.118,2.510,1.000,0.000000,
394.000,ARRIVED,4374,3,9,5,6.137,493.995,4.844,1.773,0.000000,
394.000,ARRIVED,4375,4,3,10,2.629,450.810,2.579,1.000,0.000000,
394.000,ARRIVED,4376,4,10,16,7.986,484.909,3.063,1.000,0.000000,
394.000,ARRIVED,4377,4,3,5,1.433,480.134,3.224,1.833,0.000000,
394.000,ARRIVED,4378,4,1,2,8.951,499.455,2.163,1.000,0.000000,
394.000,ARRIVED,4379,4,3,2,6.216,506.600,6.275,1.000,0.000000,
394.000,ARRIVED,4380,4,8,7,3.917,430.936,7.517,2.504,0.000000,
395.000,ARRIVED,4381,0,8,13,6.785,511.604,5.063,2.579,0.000000,
395.000,ARRIVED,4382,1,4,5,2.781,433.187,3.314,2.283,0.000000,
395.000,ARRIVED,4383,1,3,7,7.385,428.749,6.849,1.000,0.000000,
395.000,ARRIVED,4384,1,6,12,7.486,455.281,4.204,1.000,0.000000,
395.000,ARRIVED,4385,2,3,1,7.590,502.754,2.257,1.000,0.000000,
395.000,ARRIVED,4386,2,9,14,2.129,512.617,7.838,1.000,0.000000,
395.000,ARRIVED,4387,2,7,16,4.551,482.989,3.149,1.000,0.000000,
395.000,ARRIVED,4388,3,6,3,7.963,495.367,5.728,2.246,0.000000,
395.000,ARRIVED,4389,3,1,7,1.954,423.341,2.155,1.000,0.000000,
395.000,ARRIVED,4390,3,2,19,8.367,435.730,3.001,1.000,0.000000,
395.000,ARRIVED,4391,3,2,20,5.371,460.654,7.626,1.000,0.000000,
395.000,ARRIVED,4392,3,10,12,4.817,422.426,6.039,1.000,0.000000,
395.000,ARRIVED,4393,4,6,17,1.520,501.386,7.637,1.000,0.000000,
395.000,ARRIVED,4394,4,9,4,8.994,497.040,4.917,1.000,0.000000,
395.000,ARRIVED,4395,4,10,20,7.616,431.248,2.714,1.000,0.000000,
395.000,ARRIVED,4396,4,10,17,7.748,506.145,3.902,1.000,0.000000,
395.579,FINISHED,500,2,10,18,5.662,101.076,4.477,1.000,0.000000,
395.579,STARTED,501,2,6,8,1.301,143.688,4.751,1.000,0.000000,observed_rate=3.000
396.000,ARRIVED,4397,1,7,18,9.395,417.741,4.250,1.000,0.000000,
396.000,ARRIVED,4398,2,7,15,8.339,479.531,3.731,1.000,0.000000,
396.000,ARRIVED,4399,2,8,14,7.007,455.225,3.182,1.000,0.000000,
396.000,ARRIVED,4400,3,9,19,2.572,489.808,7.964,1.000,0.000000,
396.000,ARRIVED,4401,4,7,14,3.195,492.085,5.730,1.000,0.000000,
396.000,ARRIVED,4402,4,6,18,8.466,445.874,7.290,1.000,0.000000,
396.000,ARRIVED,4403,4,7,9,9.624,478.834,7.030,1.000,0.000000,
396.000,ARRIVED,4404,4,3,4,8.002,420.730,5.824,2.251,0.000000,
396.000,ARRIVED,4405,4,9,17,8.630,489.774,7.547,2.677,0.000000,
396.000,ARRIVED,4406,4,4,16,2.091,439.819,4.957,1.000,0.000000,
396.000,ARRIVED,4407,4,9,15,1.237,426.240,5.561,1.000,0.000000,
397.000,ARRIVED,4408,1,9,8,2.454,457.157,7.256,2.733,0.000000,
397.000,ARRIVED,4409,2,7,12,5.040,507.986,6.590,1.000,0.000000,
397.000,ARRIVED,4410,3,8,5,2.418,475.732,3.929,1.000,0.000000,
397.000,ARRIVED,4411,3,10,11,5.943,508.046,3.608,1.000,0.000000,
397.000,ARRIVED,4412,4,9,14,6.219,513.655,2.760,2.271,0.000000,
397.000,ARRIVED,4413,4,2,18,7.716,439.634,4.975,1.000,0.000000,
397.000,ARRIVED,4414,4,10,9,9.383,504.819,2.640,1.000,0.000000,
397.000,ARRIVED,4415,4,2,14,5.141,448.837,7.898,2.656,0.000000,
397.000,ARRIVED,4416,4,10,4,1.233,419.607,6.827,1.775,0.000000,
397.000,ARRIVED,4417,4,10,11,3.527,502.379,3.730,1.000,0.000000,
397.000,ARRIVED,4418,4,10,5,5.562,439.066,3.428,1.633,0.000000,
398.000,ARRIVED,4419,1,10,16,2.581,464.132,3.462,1.000,0.000000,
398.000,ARRIVED,4420,3,8,9,6.107,506.115,6.327,1.000,0.000000,
398.000,ARRIVED,4421,3,8,3,5.082,420.674,4.001,1.000,0.000000,
398.000,ARRIVED,4422,4,6,12,4.432,515.328,2.574,1.000,0.000000,
398.000,ARRIVED,4423,4,6,8,6.858,443.585,3.277,1.000,0.000000,
398.000,ARRIVED,4424,4,5,13,9.148,478.866,3.360,1.000,0.000000,
398.000,ARRIVED,4425,4,7,18,9.560,466.719,2.874,1.000,0.000000,
398.239,FINISHED,1050,0,3,13,4.992,141.372,6.266,2.955,0.000000,
398.239,STARTED,1059,0,9,2,8.135,192.554,4.574,1.000,0.000000,observed_rate=0.000
398.757,FINISHED,401,1,6,10,6.661,65.508,6.805,1.000,0.000000,
398.757,STARTED,402,1,2,8,3.432,103.315,5.124,1.000,0.000000,observed_rate=1.000
399.000,ARRIVED,4426,0,3,16,3.765,469.608,5.781,1.697,0.000000,
399.000,ARRIVED,4427,1,9,4,4.154,488.905,6.799,1.000,0.000000,
399.000,ARRIVED,4428,2,6,10,3.507,446.616,7.945,1.000,0.000000,
399.000,ARRIVED,4429,2,7,2,7.709,474.676,5.323,1.000,0.000000,
399.000,ARRIVED,4430,2,4,15,7.193,467.450,5.566,2.227,0.000000,
399.000,ARRIVED,4431,4,1,8,1.986,419.364,2.774,1.000,0.000000,
399.000,ARRIVED,4432,4,4,4,8.116,428.847,7.988,2.649,0.000000,
399.000,ARRIVED,4433,4,6,15,7.016,455.769,3.994,1.000,0.000000,
399.000,ARRIVED,4434,4,9,15,8.830,454.067,6.045,1.000,0.000000,
400.000,ARRIVED,4435,0,3,18,3.066,487.081,6.245,1.000,0.000000,
400.000,ARRIVED,4436,1,10,3,3.252,473.568,4.700,1.000,0.000000,
400.000,ARRIVED,4437,1,9,10,4.615,481.604,2.145,2.463,0.000000,
400.000,ARRIVED,4438,2,8,12,5.218,437.971,5.373,1.000,0.000000,
400.000,ARRIVED,4439,2,5,13,8.397,458.857,6.131,1.000,0.000000,
400.000,ARRIVED,4440,3,3,20,6.112,513.855,5.938,1.000,0.000000,
400.000,ARRIVED,4441,4,8,4,9.059,488.906,4.160,1.000,0.000000,
400.000,ARRIVED,4442,4,4,19,7.936,507.652,3.654,1.000,0.000000,
400.331,FINISHED,501,2,6,8,1.301,143.688,4.751,1.000,0.000000,
400.331,STARTED,502,2,10,14,3.781,126.419,7.944,1.000,0.000000,observed_rate=2.000
400.460,FINISHED,375,4,9,3,8.923,107.829,6.932,1.000,0.000000,
400.460,STARTED,383,4,1,1,1.022,98.903,3.898,1.000,0.000000,observed_rate=2.000
401.000,ARRIVED,4443,1,1,15,8.536,436.093,6.480,1.000,0.000000,
401.000,ARRIVED,4444,2,10,20,5.085,510.496,2.595,1.000,0.000000,
401.000,ARRIVED,4445,2,9,17,5.966,435.081,5.472,1.000,0.000000,
401.000,ARRIVED,4446,3,6,20,7.177,476.362,2.839,1.000,0.000000,
401.000,ARRIVED,4447,3,8,19,1.986,496.625,2.849,1.000,0.000000,
401.000,ARRIVED,4448,3,6,2,1.032,491.960,7.582,1.000,0.000000,
401.000,ARRIVED,4449,3,3,16,7.955,505.884,7.966,1.000,0.000000,
401.000,ARRIVED,4450,3,4,12,3.060,520.587,2.267,1.000,0.000000,
401.000,ARRIVED,4451,4,1,13,7.981,474.945,6.814,1.000,0.000000,
401.000,ARRIVED,4452,4,8,20,8.510,475.696,5.704,1.000,0.000000,
401.000,ARRIVED,4453,4,10,1,8.956,450.945,6.627,1.677,0.000000,
402.000,ARRIVED,4454,0,1,12,9.123,521.869,2.216,2.095,0.000000,
402.000,ARRIVED,4455,3,10,12,3.543,502.256,7.525,1.000,0.000000,
402.000,ARRIVED,4456,3,7,8,3.237,469.844,2.888,1.000,0.000000,
402.000,ARRIVED,4457,3,5,7,5.189,432.022,2.547,2.742,0.000000,
402.000,ARRIVED,4458,3,9,20,3.132,517.841,5.154,1.883,0.000000,
402.000,ARRIVED,4459,4,2,5,5.733,503.246,7.350,1.658,0.000000,
402.000,ARRIVED,4460,4,10,2,9.574,455.320,5.771,1.512,0.000000,
402.000,ARRIVED,4461,4,6,1,6.582,472.225,5.946,1.000,0.000000,
402.000,ARRIVED,4462,4,6,20,2.762,502.351,3.207,1.000,0.000000,
402.000,ARRIVED,4463,4,9,19,2.931,462.231,6.977,1.000,0.000000,
402.813,FINISHED,1059,0,9,2,8.135,192.554,4.574,1.000,0.000000,
402.813,STARTED,1106,0,1,7,9.794,125.120,6.814,1.000,0.000000,observed_rate=1.000
403.000,ARRIVED,4464,0,5,11,8.535,451.334,2.915,1.000,0.000000,
403.000,ARRIVED,4465,1,1,3,8.788,469.481,7.451,1.000,0.000000,
403.000,ARRIVED,4466,1,9,2,7.520,455.784,5.861,1.000,0.000000,
403.000,ARRIVED,4467,2,8,17,7.796,481.788,5.586,1.000,0.000000,
403.000,ARRIVED,4468,2,3,11,8.567,482.418,5.926,1.000,0.000000,
403.000,ARRIVED,4469,2,5,11,4.021,426.215,5.406,1.000,0.000000,
403.000,ARRIVED,4470,2,3,20,8.855,425.629,4.167,1.000,0.000000,
403.000,ARRIVED,4471,3,1,11,4.417,513.226,3.091,1.000,0.000000,
403.000,ARRIVED,4472,3,5,3,8.236,430.365,5.299,1.000,0.000000,
403.000,ARRIVED,4473,3,3,10,2.821,514.231,6.506,1.000,0.000000,
403.000,ARRIVED,4474,4,8,15,5.472,473.174,4.039,2.329,0.000000,
403.000,ARRIVED,4475,4,1,12,9.140,516.079,3.841,1.000,0.000000,
403.000,ARRIVED,4476,4,4,15,8.956,461.459,2.992,1.000,0.000000,
403.000,ARRIVED,4477,4,9,18,5.119,445.733,4.233,1.000,0.000000,
403.000,ARRIVED,4478,4,8,2,1.747,435.660,6.339,1.000,0.000000,
403.881,FINISHED,402,1,2,8,3.432,103.315,5.124,1.000,0.000000,
403.881,STARTED,431,1,2,18,5.567,125.242,5.667,1.000,0.000000,observed_rate=2.000
404.000,ARRIVED,4479,0,7,9,6.943,512.515,4.112,1.000,0.000000,
404.000,ARRIVED,4480,0,2,18,2.881,496.318,7.651,1.000,0.000000,
404.000,ARRIVED,4481,1,3,11,9.807,438.615,5.381,1.000,0.000000,
404.000,ARRIVED,4482,2,2,5,9.969,514.817,3.537,1.000,0.000000,
404.000,ARRIVED,4483,3,9,11,6.606,505.891,2.629,1.000,0.000000,
404.000,ARRIVED,4484,3,1,15,5.103,511.545,6.072,1.000,0.000000,
404.000,ARRIVED,4485,3,3,4,9.501,466.677,4.227,1.000,0.000000,
404.000,ARRIVED,4486,3,7,1,8.037,448.072,6.044,1.000,0.000000,
404.000,ARRIVED,4487,3,3,7,1.624,521.336,4.996,1.000,0.000000,
404.000,ARRIVED,4488,4,9,2,7.428,514.736,6.145,1.000,0.000000,
404.000,ARRIVED,4489,4,2,15,7.067,460.638,2.705,1.000,0.000000,
404.000,ARRIVED,4490,4,2,2,6.107,521.241,4.456,2.551,0.000000,
404.000,ARRIVED,4491,4,8,18,5.196,517.378,7.446,1.000,0.000000,
404.000,ARRIVED,4492,4,7,5,5.295,440.391,5.267,1.000,0.000000,
404.000,ARRIVED,4493,4,4,6,6.043,479.597,7.424,2.666,0.000000,
404.000,FINISHED,422,3,6,3,4.207,158.139,7.590,2.197,0.000000,
404.000,STARTED,423,3,5,2,3.678,92.144,7.664,1.000,0.000000,observed_rate=5.000
404.358,FINISHED,383,4,1,1,1.022,98.903,3.898,1.000,0.000000,
404.358,STARTED,384,4,10,9,3.691,80.057,3.597,1.000,0.000000,observed_rate=6.000
405.000,ARRIVED,4494,2,2,2,4.640,506.400,5.153,2.012,0.000000,
405.000,ARRIVED,4495,2,4,11,1.464,501.420,4.210,1.000,0.000000,
405.000,ARRIVED,4496,3,4,12,8.177,467.775,3.062,1.000,0.000000,
405.000,ARRIVED,4497,4,3,16,7.612,444.869,7.921,1.000,0.000000,
405.000,ARRIVED,4498,4,6,20,9.394,437.455,4.284,2.661,0.000000,
405.000,ARRIVED,4499,4,8,14,3.968,445.641,7.823,1.000,0.000000,
405.000,ARRIVED,4500,4,9,19,8.123,520.086,3.950,2.502,0.000000,
405.000,ARRIVED,4501,4,6,2,4.829,435.724,5.202,2.328,0.000000,
406.000,ARRIVED,4502,0,3,3,5.363,491.680,7.920,1.000,0.000000,
406.000,ARRIVED,4503,2,2,18,8.189,430.507,6.545,1.000,0.000000,
406.000,ARRIVED,4504,3,7,1,7.015,478.181,5.778,1.000,0.000000,
406.000,ARRIVED,4505,3,5,1,5.084,458.080,6.615,1.000,0.000000,
406.000,ARRIVED,4506,4,5,2,1.753,510.134,3.874,1.000,0.000000,
406.000,ARRIVED,4507,4,1,11,6.780,453.575,6.857,1.000,0.000000,
406.000,ARRIVED,4508,4,10,17,1.222,442.806,4.969,1.000,0.000000,
407.000,ARRIVED,4509,0,2,13,4.975,503.792,4.107,1.000,0.000000,
407.000,ARRIVED,4510,1,9,9,8.676,495.653,5.295,1.000,0.000000,
407.000,ARRIVED,4511,2,9,8,9.485,516.115,3.258,1.000,0.000000,
407.000,ARRIVED,4512,3,9,2,4.853,445.068,7.634,1.000,0.000000,
407.000,ARRIVED,4513,3,8,2,8.381,510.336,2.738,1.000,0.000000,
407.000,ARRIVED,4514,3,4,4,3.352,493.469,2.726,2.174,0.000000,
407.000,ARRIVED,4515,4,3,11,8.284,473.533,7.076,2.646,0.000000,
407.000,ARRIVED,4516,4,10,2,1.131,496.416,7.967,2.818,0.000000,
407.000,ARRIVED,4517,4,10,12,1.479,459.961,7.078,1.000,0.000000,
407.000,ARRIVED,4518,4,4,13,1.331,444.295,3.375,1.000,0.000000,
407.955,FINISHED,384,4,10,9,3.691,80.057,3.597,1.000,0.000000,
407.955,STARTED,385,4,9,17,8.670,56.889,3.537,1.000,0.000000,observed_rate=4.000
408.000,ARRIVED,4519,1,9,6,5.355,459.479,7.175,1.000,0.000000,
408.000,ARRIVED,4520,1,6,20,2.185,470.958,5.167,1.000,0.000000,
408.000,ARRIVED,4521,3,9,4,8.730,492.238,2.267,2.533,0.000000,
408.000,ARRIVED,4522,3,7,15,6.616,512.526,7.839,2.193,0.000000,
408.000,ARRIVED,4523,3,5,19,8.684,526.817,4.083,2.258,0.000000,
408.000,ARRIVED,4524,3,7,12,3.710,465.642,3.192,2.815,0.000000,
408.000,ARRIVED,4525,4,6,4,4.237,444.999,5.108,1.000,0.000000,
408.000,ARRIVED,4526,4,7,10,6.858,446.864,5.690,1.000,0.000000,
408.000,ARRIVED,4527,4,4,11,2.884,485.285,6.403,1.000,0.000000,
408.000,ARRIVED,4528,4,6,13,9.676,510.884,6.184,1.592,0.000000,
408.000,ARRIVED,4529,4,2,14,7.301,480.769,4.205,1.000,0.000000,
408.000,ARRIVED,4530,4,4,13,8.865,438.865,5.741,1.000,0.000000,
408.000,ARRIVED,4531,4,7,15,6.477,476.462,2.499,1.000,0.000000,
408.274,FINISHED,502,2,10,14,3.781,126.419,7.944,1.000,0.000000,
408.274,STARTED,503,2,4,17,7.169,132.103,6.850,1.000,0.000000,observed_rate=0.000
409.000,ARRIVED,4532,0,3,16,1.262,475.084,6.424,1.000,0.000000,
409.000,ARRIVED,4533,0,1,14,4.793,507.501,2.153,1.000,0.000000,
409.000,ARRIVED,4534,1,3,18,7.363,464.874,2.899,2.159,0.000000,
409.000,ARRIVED,4535,2,6,20,6.625,450.088,2.003,1.000,0.000000,
409.000,ARRIVED,4536,2,6,12,7.418,471.843,3.931,1.000,0.000000,
409.000,ARRIVED,4537,3,9,17,1.272,505.353,6.238,1.790,0.000000,
409.000,ARRIVED,4538,3,5,11,7.677,474.816,5.572,2.191,0.000000,
409.000,ARRIVED,4539,3,2,9,3.090,522.042,6.387,1.000,0.000000,
409.000,ARRIVED,4540,3,5,18,3.452,486.975,4.117,2.381,0.000000,
409.000,ARRIVED,4541,4,5,2,7.134,488.589,6.906,1.000,0.000000,
409.000,ARRIVED,4542,4,4,14,4.625,504.505,7.318,2.088,0.000000,
409.000,ARRIVED,4543,4,10,4,1.258,491.188,3.805,1.000,0.000000,
409.000,ARRIVED,4544,4,7,2,1.303,520.297,5.324,2.653,0.000000,
409.548,FINISHED,431,1,2,18,5.567,125.242,5.667,1.000,0.000000,
409.548,STARTED,445,1,2,5,9.274,94.505,4.453,1.000,0.000000,observed_rate=1.000
409.627,FINISHED,1106,0,1,7,9.794,125.120,6.814,1.000,0.000000,
409.627,STARTED,1164,0,5,1,5.234,181.158,6.359,2.542,0.000000,observed_rate=2.000
410.000,ARRIVED,4545,0,1,12,3.228,470.383,6.431,2.812,0.000000,
410.000,ARRIVED,4546,2,9,1,3.792,519.667,7.265,1.000,0.000000,
410.000,ARRIVED,4547,2,10,9,6.116,521.449,2.611,1.000,0.000000,
410.000,ARRIVED,4548,2,7,12,1.654,484.387,3.132,1.000,0.000000,
410.000,ARRIVED,4549,2,5,19,7.107,464.140,7.255,1.000,0.000000,
410.000,ARRIVED,4550,2,7,15,2.333,450.662,6.777,1.000,0.000000,
410.000,ARRIVED,4551,3,6,20,1.668,513.770,2.909,1.000,0.000000,
410.000,ARRIVED,4552,3,9,2,6.851,496.652,6.806,1.000,0.000000,
410.000,ARRIVED,4553,3,4,12,8.423,446.119,6.025,1.000,0.000000,
410.000,ARRIVED,4554,4,1,19,2.650,478.649,5.740,1.000,0.000000,
410.000,ARRIVED,4555,4,1,9,8.800,430.462,2.760,1.000,0.000000,
410.000,ARRIVED,4556,4,6,12,8.235,458.297,7.228,1.000,0.000000,
411.000,ARRIVED,4557,1,4,16,1.247,492.270,5.835,1.000,0.000000,
411.000,ARRIVED,4558,2,9,11,2.793,479.279,3.307,2.365,0.000000,
411.000,ARRIVED,4559,2,10,2,6.877,495.034,2.000,1.000,0.000000,
411.000,ARRIVED,4560,2,8,4,8.955,445.657,7.660,1.000,0.000000,
411.000,ARRIVED,4561,2,2,15,8.939,487.816,5.778,1.000,0.000000,
411.000,ARRIVED,4562,3,7,6,3.680,479.345,5.709,1.000,0.000000,
411.000,ARRIVED,4563,3,2,11,1.716,490.092,5.932,1.000,0.000000,
411.000,ARRIVED,4564,3,10,10,4.870,512.571,2.558,1.000,0.000000,
411.000,ARRIVED,4565,4,7,20,5.230,477.804,2.931,2.127,0.000000,
411.000,ARRIVED,4566,4,2,18,6.081,510.773,2.129,1.000,0.000000,
411.000,ARRIVED,4567,4,10,8,1.288,495.379,7.974,1.000,0.000000,
411.000,ARRIVED,4568,4,9,6,9.817,465.903,7.194,1.000,0.000000,
411.000,ARRIVED,4569,4,10,14,7.864,496.987,5.064,2.792,0.000000,
411.000,ARRIVED,4570,4,9,15,4.601,508.308,4.780,1.000,0.000000,
411.492,FINISHED,385,4,9,17,8.670,56.889,3.537,1.000,0.000000,
411.492,STARTED,386,4,1,13,6.533,74.837,2.619,1.000,0.000000,observed_rate=6.000
411.664,FINISHED,423,3,5,2,3.678,92.144,7.664,1.000,0.000000,
411.664,STARTED,424,3,4,8,7.841,66.319,3.123,1.000,0.000000,observed_rate=3.000
412.000,ARRIVED,4571,0,7,7,9.172,433.870,3.586,1.000,0.000000,
412.000,ARRIVED,4572,1,4,11,3.501,434.852,3.533,1.000,0.000000,
412.000,ARRIVED,4573,2,1,6,9.005,439.040,3.543,1.000,0.000000,
412.000,ARRIVED,4574,2,9,14,4.419,509.820,6.737,2.698,0.000000,
412.000,ARRIVED,4575,3,7,17,7.828,497.628,5.194,2.977,0.000000,
412.000,ARRIVED,4576,3,1,4,7.433,443.148,3.946,1.000,0.000000,
412.000,ARRIVED,4577,4,6,19,6.874,439.579,6.871,1.000,0.000000,
412.000,ARRIVED,4578,4,7,10,5.748,507.470,3.931,1.000,0.000000,
412.000,ARRIVED,4579,4,1,16,4.292,531.386,7.458,1.000,0.000000,
412.000,ARRIVED,4580,4,5,10,6.848,444.088,6.969,1.000,0.000000,
413.000,ARRIVED,4581,0,5,18,5.599,444.988,2.103,2.298,0.000000,
413.000,ARRIVED,4582,1,9,2,6.320,491.945,4.550,1.805,0.000000,
413.000,ARRIVED,4583,2,10,16,3.553,447.052,6.175,1.000,0.000000,
413.000,ARRIVED,4584,2,10,11,3.886,511.691,2.066,1.000,0.000000,
413.000,ARRIVED,4585,3,2,19,1.628,455.807,5.127,1.000,0.000000,
413.000,ARRIVED,4586,3,1,9,4.740,462.908,2.675,1.000,0.000000,
413.000,ARRIVED,4587,4,4,16,6.212,461.620,5.655,1.000,0.000000,
413.000,ARRIVED,4588,4,3,12,3.711,527.163,5.062,1.904,0.000000,
413.000,ARRIVED,4589,4,6,15,5.581,437.923,5.073,1.000,0.000000,
414.000,ARRIVED,4590,2,4,12,7.609,449.825,7.106,1.000,0.000000,
414.000,ARRIVED,4591,2,5,12,4.062,492.125,2.189,1.513,0.000000,
414.000,ARRIVED,4592,2,6,3,9.741,474.406,3.600,1.000,0.000000,
414.000,ARRIVED,4593,2,1,1,6.750,493.874,7.733,1.946,0.000000,
414.000,ARRIVED,4594,3,5,2,1.353,494.391,2.473,1.000,0.000000,
414.000,ARRIVED,4595,3,6,19,6.455,533.957,5.619,1.000,0.000000,
414.000,ARRIVED,4596,3,7,3,4.788,503.739,7.368,1.000,0.000000,
414.000,ARRIVED,4597,3,2,2,3.846,435.721,2.524,2.459,0.000000,
414.000,ARRIVED,4598,4,7,15,6.674,513.482,4.645,1.000,0.000000,
414.000,ARRIVED,4599,4,4,20,2.766,500.817,4.035,1.000,0.000000,
414.000,ARRIVED,4600,4,1,19,2.983,523.151,5.909,1.000,0.000000,
414.000,ARRIVED,4601,4,1,16,5.036,444.123,4.597,2.798,0.000000,
414.000,FINISHED,445,1,2,5,9.274,94.505,4.453,1.000,0.000000,
414.000,STARTED,446,1,3,9,6.479,98.121,4.337,1.000,0.000000,observed_rate=0.000
414.111,FINISHED,386,4,1,13,6.533,74.837,2.619,1.000,0.000000,
414.111,STARTED,387,4,10,19,2.327,148.615,6.804,1.000,0.000000,observed_rate=4.000
414.787,FINISHED,424,3,4,8,7.841,66.319,3.123,1.000,0.000000,
414.787,STARTED,425,3,3,9,8.670,94.714,6.332,1.000,0.000000,observed_rate=4.000
415.000,ARRIVED,4602,0,1,18,7.358,462.699,3.802,1.000,0.000000,
415.000,ARRIVED,4603,1,6,11,3.861,515.707,2.726,1.000,0.000000,
415.000,ARRIVED,4604,1,7,10,6.775,447.016,5.526,1.617,0.000000,
415.000,ARRIVED,4605,1,2,8,1.438,454.446,3.831,1.000,0.000000,
415.000,ARRIVED,4606,2,10,12,5.861,462.144,3.717,2.626,0.000000,
415.000,ARRIVED,4607,2,2,8,5.187,505.735,5.036,1.000,0.000000,
415.000,ARRIVED,4608,3,5,17,7.876,458.984,5.120,1.000,0.000000,
415.000,ARRIVED,4609,3,1,12,3.533,515.608,5.498,1.000,0.000000,
415.000,ARRIVED,4610,3,3,17,5.721,512.221,7.330,1.000,0.000000,
415.000,ARRIVED,4611,4,1,3,1.906,471.571,6.845,1.000,0.000000,
415.000,ARRIVED,4612,4,4,2,7.675,523.960,7.892,1.000,0.000000,
415.124,FINISHED,503,2,4,17,7.169,132.103,6.850,1.000,0.000000,
415.124,STARTED,504,2,5,17,9.488,82.918,2.475,1.000,0.000000,observed_rate=2.000
416.000,ARRIVED,4613,1,5,2,5.279,469.693,7.743,1.000,0.000000,
416.000,ARRIVED,4614,1,4,15,5.065,520.254,6.359,1.000,0.000000,
416.000,ARRIVED,4615,2,3,12,8.400,488.768,4.420,1.000,0.000000,
416.000,ARRIVED,4616,3,7,10,3.496,506.039,5.513,1.000,0.000000,
416.000,ARRIVED,4617,3,1,5,3.514,498.038,3.408,1.000,0.000000,
416.000,ARRIVED,4618,3,2,1,2.289,519.769,3.859,1.000,0.000000,
416.000,ARRIVED,4619,3,1,14,9.964,461.830,4.378,2.007,0.000000,
416.000,ARRIVED,4620,3,8,18,3.287,438.272,3.471,1.000,0.000000,
416.000,ARRIVED,4621,4,10,10,3.122,487.207,6.693,2.395,0.000000,
416.000,ARRIVED,4622,4,10,3,7.056,493.168,5.760,1.000,0.000000,
416.000,ARRIVED,4623,4,2,13,6.858,529.097,2.288,1.000,0.000000,
416.000,ARRIVED,4624,4,2,19,1.156,521.221,3.578,1.000,0.000000,
416.000,ARRIVED,4625,4,2,1,5.053,448.425,7.228,1.000,0.000000,
416.000,ARRIVED,4626,4,2,20,9.146,438.351,6.111,1.000,0.000000,
417.000,ARRIVED,4627,0,4,18,4.461,510.811,3.929,1.000,0.000000,
417.000,ARRIVED,4628,2,5,11,6.363,504.434,5.395,1.000,0.000000,
417.000,ARRIVED,4629,3,4,5,7.602,518.920,5.735,1.000,0.000000,
417.000,ARRIVED,4630,3,2,7,6.537,477.932,7.520,1.000,0.000000,
417.000,ARRIVED,4631,3,3,7,6.317,469.564,3.156,1.831,0.000000,
417.000,ARRIVED,4632,4,8,20,5.914,523.721,4.843,1.000,0.000000,
417.000,ARRIVED,4633,4,2,5,2.039,495.857,4.119,1.000,0.000000,
417.000,ARRIVED,4634,4,5,15,9.481,529.576,5.511,1.000,0.000000,
417.000,ARRIVED,4635,4,5,5,5.263,500.094,7.169,2.828,0.000000,
417.600,FINISHED,504,2,5,17,9.488,82.918,2.475,1.000,0.000000,
417.600,STARTED,516,2,3,10,6.514,125.278,3.067,1.000,0.000000,observed_rate=1.000
418.000,ARRIVED,4636,0,8,15,2.591,476.680,7.918,1.000,0.000000,
418.000,ARRIVED,4637,1,3,20,6.666,514.813,2.299,2.180,0.000000,
418.000,ARRIVED,4638,1,2,7,4.963,496.182,6.067,1.000,0.000000,
418.000,ARRIVED,4639,2,4,16,3.122,520.846,4.687,1.000,0.000000,
418.000,ARRIVED,4640,2,1,8,6.230,451.385,4.190,1.000,0.000000,
418.000,ARRIVED,4641,4,5,2,8.126,451.005,6.407,1.000,0.000000,
418.000,ARRIVED,4642,4,9,1,5.162,477.772,3.731,1.000,0.000000,
418.000,ARRIVED,4643,4,7,14,9.709,443.504,2.636,1.000,0.000000,
418.000,ARRIVED,4644,4,1,13,3.773,507.100,3.890,1.000,0.000000,
418.337,FINISHED,446,1,3,9,6.479,98.121,4.337,1.000,0.000000,
418.337,STARTED,447,1,8,7,2.267,107.467,6.727,1.000,0.000000,observed_rate=2.000
419.000,ARRIVED,4645,0,5,17,1.416,467.211,4.301,1.000,0.000000,
419.000,ARRIVED,4646,3,5,20,6.747,517.707,4.960,1.000,0.000000,
419.000,ARRIVED,4647,4,7,10,9.748,504.552,6.667,1.000,0.000000,
419.000,ARRIVED,4648,4,9,17,2.433,480.666,3.997,1.000,0.000000,
419.000,ARRIVED,4649,4,3,16,6.999,528.608,4.608,1.750,0.000000,
420.000,ARRIVED,4650,1,2,10,4.613,521.745,6.979,1.000,0.000000,
420.000,ARRIVED,4651,1,2,15,5.064,465.389,5.918,2.320,0.000000,
420.000,ARRIVED,4652,1,3,3,2.343,524.093,7.704,1.000,0.000000,
420.000,ARRIVED,4653,2,3,14,6.630,479.635,3.156,1.000,0.000000,
420.000,ARRIVED,4654,2,5,11,4.779,538.048,3.146,1.000,0.000000,
420.000,ARRIVED,4655,3,4,12,1.736,462.996,4.863,1.000,0.000000,
420.000,ARRIVED,4656,4,8,7,1.977,443.831,2.571,1.000,0.000000,
420.000,ARRIVED,4657,4,3,4,6.499,528.290,5.992,1.000,0.000000,
420.000,ARRIVED,4658,4,4,12,7.152,484.000,5.524,2.500,0.000000,
420.000,ARRIVED,4659,4,1,9,3.081,468.213,2.130,2.791,0.000000,
420.000,ARRIVED,4660,4,6,6,4.184,495.908,6.586,1.000,0.000000,
420.666,FINISHED,516,2,3,10,6.514,125.278,3.067,1.000,0.000000,
420.666,STARTED,517,2,8,10,4.538,145.850,7.682,1.000,0.000000,observed_rate=2.000
420.915,FINISHED,387,4,10,19,2.327,148.615,6.804,1.000,0.000000,
420.915,STARTED,389,4,8,5,6.647,77.837,5.293,2.568,0.000000,observed_rate=5.000
420.915,OFFLOADED,390,4,7,5,1.021,109.629,7.680,2.604,0.000000,trigger=REACTIVE;observed_rate=5.000;smoothed_rate=4.139;predicted_queue=1524.000;deadline_risk=false;decision_score=0.000000;offload_count=1;destination_node=-1;destination_policy=DROP
420.915,OFFLOADED,395,4,1,14,1.539,65.704,2.313,1.000,0.000000,trigger=REACTIVE;observed_rate=5.000;smoothed_rate=4.139;predicted_queue=1524.000;deadline_risk=false;decision_score=0.000000;offload_count=1;destination_node=-1;destination_policy=DROP
420.915,OFFLOADED,396,4,7,18,7.567,61.169,6.528,1.000,0.000000,trigger=REACTIVE;observed_rate=5.000;smoothed_rate=4.139;predicted_queue=1524.000;deadline_risk=false;decision_score=0.000000;offload_count=1;destination_node=-1;destination_policy=DROP
420.915,OFFLOADED,397,4,3,3,5.832,65.776,7.350,1.000,0.000000,trigger=REACTIVE;observed_rate=5.000;smoothed_rate=4.139;predicted_queue=1524.000;deadline_risk=false;decision_score=0.000000;offload_count=1;destination_node=-1;destination_policy=DROP
420.915,OFFLOADED,398,4,3,19,9.981,117.479,2.914,1.000,0.000000,trigger=REACTIVE;observed_rate=5.000;smoothed_rate=4.139;predicted_queue=1524.000;deadline_risk=false;decision_score=0.000000;offload_count=1;destination_node=-1;destination_policy=DROP
421.000,ARRIVED,4661,0,6,8,5.596,467.877,4.762,1.000,0.000000,
421.000,ARRIVED,4662,0,6,7,8.740,537.785,4.612,1.000,0.000000,
421.000,ARRIVED,4663,0,8,19,8.872,539.514,4.703,2.836,0.000000,
421.000,ARRIVED,4664,1,1,5,5.818,511.101,6.764,1.000,0.000000,
421.000,ARRIVED,4665,2,6,2,1.755,540.039,3.508,1.000,0.000000,
421.000,ARRIVED,4666,3,6,17,6.866,446.197,3.216,1.619,0.000000,
421.000,ARRIVED,4667,3,8,1,9.704,445.820,3.129,2.787,0.000000,
421.000,ARRIVED,4668,3,2,4,2.537,487.580,2.418,1.000,0.000000,
421.000,ARRIVED,4669,3,3,4,8.015,459.010,3.115,1.000,0.000000,
421.000,ARRIVED,4670,4,9,5,5.921,448.583,2.326,1.000,0.000000,
421.000,ARRIVED,4671,4,2,19,5.731,521.177,7.812,1.000,0.000000,
421.000,ARRIVED,4672,4,5,11,5.099,457.911,3.514,1.944,0.000000,
421.119,FINISHED,425,3,3,9,8.670,94.714,6.332,1.000,0.000000,
421.119,STARTED,426,3,9,4,2.859,109.034,7.672,1.000,0.000000,observed_rate=4.000
422.000,ARRIVED,4673,1,6,5,9.172,476.405,3.927,1.000,0.000000,
422.000,ARRIVED,4674,2,9,2,8.942,479.847,3.754,1.000,0.000000,
422.000,ARRIVED,4675,3,2,16,1.739,495.559,4.694,1.000,0.000000,
422.000,ARRIVED,4676,3,10,4,6.996,475.181,7.520,1.000,0.000000,
422.000,ARRIVED,4677,3,1,19,5.994,540.509,3.548,1.000,0.000000,
422.000,ARRIVED,4678,4,2,12,3.660,489.522,5.137,1.000,0.000000,
422.000,ARRIVED,4679,4,10,8,7.364,448.382,3.518,1.000,0.000000,
422.000,ARRIVED,4680,4,6,12,4.719,451.033,2.710,1.000,0.000000,
423.000,ARRIVED,4681,0,10,7,6.128,454.680,6.579,1.000,0.000000,
423.000,ARRIVED,4682,1,2,3,4.677,520.565,5.789,1.000,0.000000,
423.000,ARRIVED,4683,2,6,9,9.149,484.423,7.928,1.000,0.000000,
423.000,ARRIVED,4684,2,1,2,7.273,445.823,6.824,1.000,0.000000,
423.000,ARRIVED,4685,2,6,14,1.844,541.229,4.806,1.000,0.000000,
423.000,ARRIVED,4686,2,7,9,3.249,537.692,3.149,1.653,0.000000,
423.000,ARRIVED,4687,3,10,10,8.852,492.928,4.956,1.000,0.000000,
423.000,ARRIVED,4688,4,8,9,4.372,505.130,3.483,1.000,0.000000,
423.000,ARRIVED,4689,4,2,9,5.247,499.696,5.137,2.350,0.000000,
424.000,ARRIVED,4690,0,9,1,8.540,519.701,6.984,1.000,0.000000,
424.000,ARRIVED,4691,3,10,15,5.560,528.439,4.506,1.000,0.000000,
424.000,ARRIVED,4692,3,3,14,2.285,485.765,5.257,1.000,0.000000,
424.000,ARRIVED,4693,3,9,4,7.131,492.672,6.608,1.000,0.000000,
424.000,ARRIVED,4694,3,10,18,4.057,508.430,7.684,1.856,0.000000,
424.000,ARRIVED,4695,4,5,6,7.828,514.300,7.107,1.000,0.000000,
424.000,ARRIVED,4696,4,10,7,5.516,530.554,6.174,1.000,0.000000,
424.000,ARRIVED,4697,4,9,13,2.311,475.455,6.306,1.000,0.000000,
424.000,ARRIVED,4698,4,6,1,6.793,448.083,3.945,2.886,0.000000,
424.000,ARRIVED,4699,4,4,19,6.106,501.256,5.656,2.430,0.000000,
425.000,ARRIVED,4700,0,9,15,4.228,523.568,5.440,2.380,0.000000,
425.000,ARRIVED,4701,2,7,13,1.007,493.000,4.485,1.000,0.000000,
425.000,ARRIVED,4702,2,10,1,5.206,536.440,4.043,1.000,0.000000,
425.000,ARRIVED,4703,3,2,1,8.331,516.554,5.386,1.000,0.000000,
425.000,ARRIVED,4704,3,5,13,7.193,508.373,7.096,1.000,0.000000,
425.000,ARRIVED,4705,3,9,16,1.885,518.921,6.693,2.077,0.000000,
425.000,ARRIVED,4706,4,3,11,5.446,473.072,5.978,1.000,0.000000,
425.000,ARRIVED,4707,4,10,17,3.170,493.204,6.056,1.000,0.000000,
425.000,ARRIVED,4708,4,7,3,5.320,537.416,7.749,2.348,0.000000,
425.000,ARRIVED,4709,4,4,17,7.529,519.498,7.230,1.000,0.000000,
425.000,ARRIVED,4710,4,10,14,7.433,513.004,4.542,1.000,0.000000,
425.000,ARRIVED,4711,4,3,14,5.323,454.646,7.354,1.000,0.000000,
425.000,ARRIVED,4712,4,1,14,3.839,489.468,6.719,1.000,0.000000,
425.000,ARRIVED,4713,4,3,9,5.637,537.221,5.492,1.000,0.000000,
425.065,FINISHED,447,1,8,7,2.267,107.467,6.727,1.000,0.000000,
425.065,STARTED,448,1,6,15,4.739,100.580,7.397,1.000,0.000000,observed_rate=0.000
425.793,FINISHED,1164,0,5,1,5.234,181.158,6.359,2.542,0.000000,
425.793,STARTED,1174,0,1,10,1.643,134.149,2.935,1.000,0.000000,observed_rate=1.000
426.000,ARRIVED,4714,1,7,14,8.539,500.411,4.295,1.000,0.000000,
426.000,ARRIVED,4715,2,3,2,4.698,450.511,3.572,1.000,0.000000,
426.000,ARRIVED,4716,2,3,12,3.721,475.514,3.715,1.000,0.000000,
426.000,ARRIVED,4717,2,6,14,8.725,532.173,2.383,1.000,0.000000,
426.000,ARRIVED,4718,3,5,1,3.127,462.935,6.235,1.000,0.000000,
426.000,ARRIVED,4719,3,10,14,8.445,500.572,4.407,1.000,0.000000,
426.000,ARRIVED,4720,3,9,6,7.477,518.525,5.129,1.000,0.000000,
426.000,ARRIVED,4721,4,5,9,9.842,451.098,2.698,1.000,0.000000,
427.000,ARRIVED,4722,1,6,2,5.458,453.184,5.885,1.000,0.000000,
427.000,ARRIVED,4723,1,5,13,5.749,499.267,5.297,2.311,0.000000,
427.000,ARRIVED,4724,1,1,11,1.639,497.450,6.038,1.000,0.000000,
427.000,ARRIVED,4725,3,10,1,7.169,447.361,4.801,1.000,0.000000,
427.000,ARRIVED,4726,3,6,16,9.206,508.201,3.235,2.552,0.000000,
427.000,ARRIVED,4727,3,4,6,4.430,492.566,2.997,1.000,0.000000,
427.000,ARRIVED,4728,3,1,6,5.379,531.665,4.185,1.000,0.000000,
427.000,ARRIVED,4729,3,9,2,1.166,511.022,6.027,1.000,0.000000,
427.000,ARRIVED,4730,3,10,12,7.264,518.112,6.364,1.000,0.000000,
427.000,ARRIVED,4731,4,8,1,1.778,527.234,6.753,1.000,0.000000,
427.000,ARRIVED,4732,4,9,14,2.412,464.884,2.625,1.000,0.000000,
427.000,ARRIVED,4733,4,10,8,2.722,478.376,4.554,1.000,0.000000,
428.000,ARRIVED,4734,1,6,9,2.269,473.452,5.915,1.000,0.000000,
428.000,ARRIVED,4735,1,2,6,6.537,465.173,2.960,1.000,0.000000,
428.000,ARRIVED,4736,2,10,18,7.259,449.536,6.378,1.000,0.000000,
428.000,ARRIVED,4737,2,8,6,4.199,467.813,4.645,1.000,0.000000,
428.000,ARRIVED,4738,3,2,2,9.644,482.219,4.141,1.000,0.000000,
428.000,ARRIVED,4739,3,9,8,4.545,537.250,2.693,1.000,0.000000,
428.000,ARRIVED,4740,3,8,7,9.251,472.625,3.584,1.000,0.000000,
428.000,ARRIVED,4741,3,7,19,2.964,516.226,5.877,1.000,0.000000,
428.000,ARRIVED,4742,3,1,14,3.016,518.165,5.996,1.000,0.000000,
428.000,ARRIVED,4743,4,4,18,6.864,450.969,5.689,1.000,0.000000,
428.000,ARRIVED,4744,4,4,18,9.413,460.413,4.719,2.652,0.000000,
428.348,FINISHED,517,2,8,10,4.538,145.850,7.682,1.000,0.000000,
428.348,STARTED,518,2,3,5,2.077,117.031,4.677,1.000,0.000000,observed_rate=2.000
428.728,FINISHED,1174,0,1,10,1.643,134.149,2.935,1.000,0.000000,
428.728,STARTED,1175,0,4,18,8.107,204.126,3.123,1.000,0.000000,observed_rate=0.000
428.791,FINISHED,426,3,9,4,2.859,109.034,7.672,1.000,0.000000,
428.791,STARTED,435,3,7,20,3.158,83.967,5.734,1.829,0.000000,observed_rate=5.000
428.791,OFFLOADED,436,3,2,4,5.381,90.844,3.506,1.000,0.000000,trigger=REACTIVE;observed_rate=5.000;smoothed_rate=4.150;predicted_queue=1134.000;deadline_risk=false;decision_score=0.000000;offload_count=1;destination_node=-1;destination_policy=DROP
428.791,OFFLOADED,437,3,6,7,9.303,123.001,4.192,1.000,0.000000,trigger=REACTIVE;observed_rate=5.000;smoothed_rate=4.150;predicted_queue=1134.000;deadline_risk=false;decision_score=0.000000;offload_count=1;destination_node=-1;destination_policy=DROP
428.791,OFFLOADED,438,3,9,12,1.667,93.196,3.917,1.000,0.000000,trigger=REACTIVE;observed_rate=5.000;smoothed_rate=4.150;predicted_queue=1134.000;deadline_risk=false;decision_score=0.000000;offload_count=1;destination_node=-1;destination_policy=DROP
428.791,OFFLOADED,439,3,8,17,3.714,72.863,2.893,2.336,0.000000,trigger=REACTIVE;observed_rate=5.000;smoothed_rate=4.150;predicted_queue=1134.000;deadline_risk=false;decision_score=0.000000;offload_count=1;destination_node=-1;destination_policy=DROP
428.791,OFFLOADED,440,3,9,7,3.020,123.879,2.258,1.000,0.000000,trigger=REACTIVE;observed_rate=5.000;smoothed_rate=4.150;predicted_queue=1134.000;deadline_risk=false;decision_score=0.000000;offload_count=1;destination_node=-1;destination_policy=DROP
429.000,ARRIVED,4745,0,8,14,9.020,548.025,7.604,1.000,0.000000,
429.000,ARRIVED,4746,2,8,4,9.956,488.213,2.858,1.000,0.000000,
429.000,ARRIVED,4747,2,6,5,4.831,460.932,6.244,1.000,0.000000,
429.000,ARRIVED,4748,4,8,18,2.041,485.415,6.292,2.819,0.000000,
429.000,ARRIVED,4749,4,1,13,1.888,540.247,4.435,1.000,0.000000,
429.000,ARRIVED,4750,4,1,7,1.406,520.923,6.503,1.000,0.000000,
429.000,ARRIVED,4751,4,10,5,3.911,504.985,7.035,1.000,0.000000,
429.000,ARRIVED,4752,4,7,2,8.873,513.064,7.233,1.000,0.000000,
429.000,ARRIVED,4753,4,4,19,7.449,489.966,6.234,1.000,0.000000,
429.000,ARRIVED,4754,4,4,15,6.537,484.460,3.536,1.000,0.000000,
430.000,ARRIVED,4755,1,1,15,9.987,454.098,2.683,1.000,0.000000,
430.000,ARRIVED,4756,2,8,20,9.930,478.658,2.885,1.000,0.000000,
430.000,ARRIVED,4757,2,9,14,5.539,514.958,3.732,1.000,0.000000,
430.000,ARRIVED,4758,3,8,11,5.819,455.641,4.351,1.000,0.000000,
430.000,ARRIVED,4759,3,6,4,7.442,546.894,5.329,1.810,0.000000,
430.000,ARRIVED,4760,3,8,8,1.937,543.228,3.771,1.000,0.000000,
430.000,ARRIVED,4761,3,6,4,2.835,538.661,5.616,1.000,0.000000,
430.000,ARRIVED,4762,4,1,5,9.824,493.092,6.605,2.097,0.000000,
430.000,ARRIVED,4763,4,3,17,6.291,526.099,5.114,1.541,0.000000,
430.000,ARRIVED,4764,4,4,2,5.068,507.890,2.879,1.000,0.000000,
430.000,ARRIVED,4765,4,6,8,2.458,524.701,2.979,2.047,0.000000,
430.000,ARRIVED,4766,4,5,18,3.064,452.958,4.712,1.874,0.000000,
430.000,ARRIVED,4767,4,10,8,4.740,506.760,5.901,1.000,0.000000,
430.000,ARRIVED,4768,4,9,14,1.635,476.879,6.848,1.000,0.000000,
431.000,ARRIVED,4769,0,3,4,7.373,505.985,5.695,1.000,0.000000,
431.000,ARRIVED,4770,0,4,12,6.754,475.727,5.407,1.000,0.000000,
431.000,ARRIVED,4771,3,7,3,4.108,485.927,4.234,2.605,0.000000,
431.000,ARRIVED,4772,3,9,20,3.495,475.969,2.013,2.912,0.000000,
431.000,ARRIVED,4773,3,4,2,6.589,491.338,7.103,1.558,0.000000,
431.000,ARRIVED,4774,3,5,3,1.391,489.677,2.885,1.000,0.000000,
431.000,ARRIVED,4775,4,10,16,5.490,494.375,2.157,1.000,0.000000,
431.000,ARRIVED,4776,4,8,11,8.633,471.796,3.344,1.000,0.000000,
431.851,FINISHED,1175,0,4,18,8.107,204.126,3.123,1.000,0.000000,
431.851,STARTED,1176,0,4,4,6.963,207.313,2.583,1.678,0.000000,observed_rate=2.000
432.000,ARRIVED,4777,1,10,9,9.775,496.203,5.494,1.565,0.000000,
432.000,ARRIVED,4778,1,3,20,6.391,514.977,5.023,2.985,0.000000,
432.000,ARRIVED,4779,2,6,2,5.357,468.577,7.858,2.637,0.000000,
432.000,ARRIVED,4780,2,2,9,4.266,489.418,5.987,2.193,0.000000,
432.000,ARRIVED,4781,4,10,13,4.859,464.567,4.654,1.000,0.000000,
432.000,ARRIVED,4782,4,6,13,1.776,494.991,3.220,1.000,0.000000,
432.000,ARRIVED,4783,4,8,2,7.102,501.935,2.073,2.256,0.000000,
432.462,FINISHED,448,1,6,15,4.739,100.580,7.397,1.000,0.000000,
432.462,STARTED,449,1,1,12,6.504,87.140,2.858,1.000,0.000000,observed_rate=2.000
433.000,ARRIVED,4784,0,4,18,8.580,475.015,2.433,1.000,0.000000,
433.000,ARRIVED,4785,1,1,19,8.628,477.448,6.286,1.000,0.000000,
433.000,ARRIVED,4786,1,5,2,8.925,470.497,2.525,2.120,0.000000,
433.000,ARRIVED,4787,1,7,14,3.685,464.965,7.464,1.000,0.000000,
433.000,ARRIVED,4788,2,6,10,4.643,506.495,4.366,1.000,0.000000,
433.000,ARRIVED,4789,2,5,17,4.016,525.735,3.535,1.000,0.000000,
433.000,ARRIVED,4790,2,1,5,4.093,491.227,5.196,1.700,0.000000,
433.000,ARRIVED,4791,3,6,19,3.079,489.781,2.339,1.000,0.000000,
433.000,ARRIVED,4792,3,4,16,7.590,500.229,2.373,1.000,0.000000,
433.000,ARRIVED,4793,3,10,17,7.195,517.555,4.209,1.000,0.000000,
433.000,ARRIVED,4794,4,10,12,7.172,465.589,7.494,1.000,0.000000,
433.000,ARRIVED,4795,4,9,15,6.824,522.445,5.134,1.000,0.000000,
433.000,ARRIVED,4796,4,10,13,6.589,537.998,7.349,1.000,0.000000,
433.025,FINISHED,518,2,3,5,2.077,117.031,4.677,1.000,0.000000,
433.025,STARTED,519,2,6,7,8.946,98.635,5.485,2.812,0.000000,observed_rate=3.000
433.025,OFFLOADED,528,2,3,20,2.525,91.831,2.748,1.000,0.000000,trigger=REACTIVE;observed_rate=3.000;smoothed_rate=1.938;predicted_queue=808.000;deadline_risk=false;decision_score=0.000000;offload_count=1;destination_node=-1;destination_policy=DROP
433.025,OFFLOADED,529,2,6,18,2.718,94.915,7.451,1.000,0.000000,trigger=REACTIVE;observed_rate=3.000;smoothed_rate=1.938;predicted_queue=808.000;deadline_risk=false;decision_score=0.000000;offload_count=1;destination_node=-1;destination_policy=DROP
433.025,OFFLOADED,530,2,7,1,9.152,99.082,6.890,1.000,0.000000,trigger=REACTIVE;observed_rate=3.000;smoothed_rate=1.938;predicted_queue=808.000;deadline_risk=false;decision_score=0.000000;offload_count=1;destination_node=-1;destination_policy=DROP
433.025,OFFLOADED,541,2,5,3,3.229,153.097,3.062,1.000,0.000000,trigger=REACTIVE;observed_rate=3.000;smoothed_rate=1.938;predicted_queue=808.000;deadline_risk=false;decision_score=0.000000;offload_count=1;destination_node=-1;destination_policy=DROP
433.025,OFFLOADED,542,2,10,1,2.078,102.532,5.144,1.000,0.000000,trigger=REACTIVE;observed_rate=3.000;smoothed_rate=1.938;predicted_queue=808.000;deadline_risk=false;decision_score=0.000000;offload_count=1;destination_node=-1;destination_policy=DROP
434.000,ARRIVED,4797,1,2,7,7.049,520.943,5.273,1.000,0.000000,
434.000,ARRIVED,4798,1,3,12,6.474,514.573,3.149,1.000,0.000000,
434.000,ARRIVED,4799,1,2,10,6.801,501.204,7.346,1.000,0.000000,
434.000,ARRIVED,4800,1,4,16,5.481,525.588,5.557,1.000,0.000000,
434.000,ARRIVED,4801,2,7,4,3.310,511.165,7.307,1.000,0.000000,
434.000,ARRIVED,4802,3,4,7,3.680,538.951,4.356,1.000,0.000000,
434.000,ARRIVED,4803,4,5,15,5.149,543.082,4.430,2.450,0.000000,
434.000,ARRIVED,4804,4,10,12,6.431,479.744,3.108,1.000,0.000000,
434.507,FINISHED,389,4,8,5,6.647,77.837,5.293,2.568,0.000000,
434.507,STARTED,399,4,2,4,6.200,77.897,4.335,1.000,0.000000,observed_rate=2.000
435.000,ARRIVED,4805,1,7,15,3.086,537.750,2.136,1.000,0.000000,
435.000,ARRIVED,4806,2,5,9,2.909,483.259,6.651,1.000,0.000000,
435.000,ARRIVED,4807,2,4,9,1.936,480.247,4.684,1.000,0.000000,
435.000,ARRIVED,4808,3,10,16,8.815,542.721,4.505,1.000,0.000000,
435.000,ARRIVED,4809,3,7,4,1.706,486.226,2.582,1.000,0.000000,
435.000,ARRIVED,4810,3,5,8,5.418,512.552,7.707,1.000,0.000000,
435.000,ARRIVED,4811,3,10,6,5.994,489.826,3.842,2.077,0.000000,
435.000,ARRIVED,4812,4,8,12,2.937,528.070,7.501,1.000,0.000000,
435.000,ARRIVED,4813,4,7,15,4.097,502.810,7.550,2.079,0.000000,
435.000,ARRIVED,4814,4,7,9,6.963,505.495,4.611,1.543,0.000000,
435.319,FINISHED,449,1,1,12,6.504,87.140,2.858,1.000,0.000000,
435.319,STARTED,461,1,6,20,7.074,107.969,7.365,1.000,0.000000,observed_rate=1.000
436.000,ARRIVED,4815,0,5,20,7.470,486.948,2.251,1.812,0.000000,
436.000,ARRIVED,4816,2,10,15,3.864,520.312,5.973,1.000,0.000000,
436.000,ARRIVED,4817,2,1,8,1.331,476.213,4.789,1.000,0.000000,
436.000,ARRIVED,4818,2,7,8,3.354,504.462,3.659,1.000,0.000000,
436.000,ARRIVED,4819,3,7,20,9.609,463.600,7.351,1.000,0.000000,
436.000,ARRIVED,4820,3,9,6,4.441,483.461,6.053,1.000,0.000000,
436.000,ARRIVED,4821,3,4,12,2.196,501.318,4.286,1.000,0.000000,
436.000,ARRIVED,4822,4,4,5,8.155,464.085,2.904,2.137,0.000000,
436.000,ARRIVED,4823,4,2,16,5.559,544.453,2.791,1.000,0.000000,
436.000,ARRIVED,4824,4,6,1,8.903,531.403,2.078,1.000,0.000000,
436.000,ARRIVED,4825,4,3,13,2.714,544.037,3.608,2.022,0.000000,
436.000,ARRIVED,4826,4,9,9,9.854,469.379,2.371,1.000,0.000000,
436.185,FINISHED,1176,0,4,4,6.963,207.313,2.583,1.678,0.000000,
436.185,STARTED,1216,0,5,17,9.276,209.103,7.658,1.615,0.000000,observed_rate=1.000
437.000,ARRIVED,4827,1,5,18,7.023,525.259,6.846,1.000,0.000000,
437.000,ARRIVED,4828,1,3,16,6.232,496.091,7.790,1.000,0.000000,
437.000,ARRIVED,4829,3,1,4,1.121,518.053,6.473,1.000,0.000000,
437.000,ARRIVED,4830,4,6,9,7.109,488.278,3.790,1.000,0.000000,
437.000,ARRIVED,4831,4,4,17,6.828,471.732,6.672,1.851,0.000000,
437.000,ARRIVED,4832,4,3,11,4.284,517.150,3.527,1.000,0.000000,
437.000,ARRIVED,4833,4,2,11,3.825,493.437,3.206,1.000,0.000000,
437.000,ARRIVED,4834,4,3,19,7.478,508.185,7.337,1.924,0.000000,
438.000,ARRIVED,4835,2,7,9,6.115,475.926,7.342,1.000,0.000000,
438.000,ARRIVED,4836,3,1,11,5.977,550.570,7.516,1.000,0.000000,
438.000,ARRIVED,4837,3,9,9,6.342,542.309,4.742,2.091,0.000000,
438.000,ARRIVED,4838,4,10,13,3.018,478.380,5.316,1.536,0.000000,
438.000,ARRIVED,4839,4,5,15,3.802,509.133,4.797,1.000,0.000000,
438.000,ARRIVED,4840,4,1,3,8.871,550.571,3.878,1.000,0.000000,
438.000,ARRIVED,4841,4,1,1,1.541,538.289,5.871,1.000,0.000000,
438.842,FINISHED,399,4,2,4,6.200,77.897,4.335,1.000,0.000000,
438.842,STARTED,406,4,2,2,9.222,93.801,4.637,1.000,0.000000,observed_rate=4.000
439.000,ARRIVED,4842,0,1,11,2.271,476.946,6.225,1.000,0.000000,
439.000,ARRIVED,4843,1,1,11,2.632,525.013,4.747,1.000,0.000000,
439.000,ARRIVED,4844,2,5,16,4.990,461.785,2.610,1.000,0.000000,
439.000,ARRIVED,4845,2,2,9,9.994,465.615,5.262,1.000,0.000000,
439.000,ARRIVED,4846,4,8,10,3.961,556.658,6.784,2.022,0.000000,
439.000,ARRIVED,4847,4,4,18,2.925,520.279,4.916,1.000,0.000000,
439.000,ARRIVED,4848,4,2,3,2.298,553.848,2.482,1.000,0.000000,
439.000,ARRIVED,4849,4,3,6,5.305,527.016,6.623,1.000,0.000000,
439.280,FINISHED,435,3,7,20,3.158,83.967,5.734,1.829,0.000000,
439.280,STARTED,452,3,1,17,6.783,110.635,3.564,1.000,0.000000,observed_rate=0.000
440.000,ARRIVED,4850,1,2,10,4.026,536.357,7.905,1.000,0.000000,
440.000,ARRIVED,4851,1,7,9,1.031,541.852,2.771,1.000,0.000000,
440.000,ARRIVED,4852,2,10,4,7.141,549.068,5.358,1.000,0.000000,
440.000,ARRIVED,4853,3,6,19,9.588,490.011,2.086,1.000,0.000000,
440.000,ARRIVED,4854,3,6,12,2.599,466.905,2.029,1.000,0.000000,
440.000,ARRIVED,4855,3,7,11,1.893,547.665,3.035,1.000,0.000000,
440.000,ARRIVED,4856,3,7,8,9.015,528.718,3.926,2.920,0.000000,
440.000,ARRIVED,4857,4,1,20,1.108,491.823,6.568,1.000,0.000000,
440.000,ARRIVED,4858,4,9,5,8.215,495.473,3.110,1.000,0.000000,
440.000,ARRIVED,4859,4,10,10,8.659,521.862,2.392,1.000,0.000000,
440.000,ARRIVED,4860,4,10,9,4.755,548.608,7.822,1.000,0.000000,
440.000,ARRIVED,4861,4,6,16,7.197,487.753,4.591,1.000,0.000000,
441.000,ARRIVED,4862,0,5,3,7.573,507.031,3.109,1.000,0.000000,
441.000,ARRIVED,4863,1,9,11,7.236,553.286,7.348,1.000,0.000000,
441.000,ARRIVED,4864,2,5,15,1.759,546.171,4.962,1.000,0.000000,
441.000,ARRIVED,4865,2,10,5,8.665,479.409,4.521,2.186,0.000000,
441.000,ARRIVED,4866,2,9,3,9.074,475.545,5.488,1.000,0.000000,
441.000,ARRIVED,4867,3,5,13,4.727,506.609,3.297,1.000,0.000000,
441.000,ARRIVED,4868,3,7,3,8.198,559.290,2.163,1.933,0.000000,
441.000,ARRIVED,4869,3,3,11,3.120,461.946,4.961,1.000,0.000000,
441.000,ARRIVED,4870,4,4,10,6.634,476.442,6.446,1.914,0.000000,
441.000,ARRIVED,4871,4,5,13,5.324,509.245,4.134,1.000,0.000000,
442.000,ARRIVED,4872,0,1,17,1.597,511.435,4.703,1.000,0.000000,
442.000,ARRIVED,4873,0,2,11,9.309,474.875,2.251,1.000,0.000000,
442.000,ARRIVED,4874,1,6,13,4.473,480.342,2.006,2.991,0.000000,
442.000,ARRIVED,4875,2,7,6,2.275,517.601,6.274,1.000,0.000000,
442.000,ARRIVED,4876,3,5,19,8.513,519.622,7.747,1.000,0.000000,
442.000,ARRIVED,4877,3,8,12,6.435,548.071,7.005,1.000,0.000000,
442.000,ARRIVED,4878,4,3,14,9.276,508.441,7.686,1.000,0.000000,
442.000,ARRIVED,4879,4,8,14,7.191,488.403,2.316,1.000,0.000000,
442.000,ARRIVED,4880,4,6,6,2.243,475.564,5.884,2.379,0.000000,
442.684,FINISHED,461,1,6,20,7.074,107.969,7.365,1.000,0.000000,
442.684,STARTED,476,1,1,14,8.325,137.163,2.214,2.887,0.000000,observed_rate=1.000
442.844,FINISHED,452,3,1,17,6.783,110.635,3.564,1.000,0.000000,
442.844,STARTED,453,3,7,2,8.546,112.353,3.291,1.000,0.000000,observed_rate=2.000
443.000,ARRIVED,4881,0,4,11,6.775,531.690,6.737,1.000,0.000000,
443.000,ARRIVED,4882,2,10,4,5.212,463.890,6.973,2.446,0.000000,
443.000,ARRIVED,4883,2,10,15,6.253,539.052,5.038,1.000,0.000000,
443.000,ARRIVED,4884,2,9,17,3.367,478.856,4.923,1.000,0.000000,
443.000,ARRIVED,4885,2,4,16,6.170,509.319,3.672,1.000,0.000000,
443.000,ARRIVED,4886,2,3,11,1.418,475.443,5.941,1.000,0.000000,
443.000,ARRIVED,4887,3,3,2,2.094,537.967,4.372,1.000,0.000000,
443.000,ARRIVED,4888,3,5,12,6.094,562.622,3.074,1.000,0.000000,
443.000,ARRIVED,4889,4,4,4,5.524,491.074,7.410,1.000,0.000000,
443.000,ARRIVED,4890,4,3,4,9.243,528.543,2.585,1.000,0.000000,
443.479,FINISHED,406,4,2,2,9.222,93.801,4.637,1.000,0.000000,
443.479,STARTED,407,4,1,13,5.871,144.738,5.257,1.000,0.000000,observed_rate=2.000
444.000,ARRIVED,4891,0,2,14,5.221,507.171,2.525,2.781,0.000000,
444.000,ARRIVED,4892,1,10,18,1.207,503.633,2.815,1.000,0.000000,
444.000,ARRIVED,4893,1,1,6,3.231,555.501,7.439,1.000,0.000000,
444.000,ARRIVED,4894,1,3,11,9.171,495.200,3.525,1.000,0.000000,
444.000,ARRIVED,4895,1,4,13,6.567,494.946,4.251,1.000,0.000000,
444.000,ARRIVED,4896,1,3,1,4.752,473.828,2.136,1.000,0.000000,
444.000,ARRIVED,4897,2,3,16,6.649,487.443,5.627,1.000,0.000000,
444.000,ARRIVED,4898,2,3,17,6.357,529.688,6.302,1.000,0.000000,
444.000,ARRIVED,4899,2,5,17,4.423,474.751,4.671,1.533,0.000000,
444.000,ARRIVED,4900,2,7,2,8.695,464.093,5.059,1.000,0.000000,
444.000,ARRIVED,4901,2,2,15,6.255,478.660,7.139,1.000,0.000000,
444.000,ARRIVED,4902,2,10,3,8.082,480.442,3.021,2.714,0.000000,
444.000,ARRIVED,4903,3,1,3,6.510,546.124,4.114,1.000,0.000000,
444.000,ARRIVED,4904,3,4,20,2.318,489.655,2.240,1.695,0.000000,
444.000,ARRIVED,4905,3,7,12,4.157,533.298,4.480,2.353,0.000000,
444.000,ARRIVED,4906,4,8,6,8.655,530.750,3.273,1.000,0.000000,
444.000,ARRIVED,4907,4,7,8,5.109,522.866,5.098,1.997,0.000000,
444.000,ARRIVED,4908,4,4,20,9.530,480.712,5.317,1.000,0.000000,
444.000,ARRIVED,4909,4,5,20,7.441,466.702,2.299,1.000,0.000000,
444.000,ARRIVED,4910,4,1,5,8.321,471.450,7.982,1.559,0.000000,
444.000,ARRIVED,4911,4,4,6,6.220,469.682,2.005,1.664,0.000000,
445.000,ARRIVED,4912,0,1,20,9.611,477.282,6.132,1.000,0.000000,
445.000,ARRIVED,4913,1,1,16,8.510,553.472,6.917,1.000,0.000000,
445.000,ARRIVED,4914,1,10,15,7.880,493.073,5.077,1.000,0.000000,
445.000,ARRIVED,4915,1,1,16,3.037,532.349,5.186,1.000,0.000000,
445.000,ARRIVED,4916,2,1,9,7.978,483.184,2.202,1.000,0.000000,
445.000,ARRIVED,4917,2,2,17,5.015,526.938,6.347,2.403,0.000000,
445.000,ARRIVED,4918,2,5,13,9.694,482.041,6.871,1.000,0.000000,
445.000,ARRIVED,4919,3,4,17,2.572,544.236,6.276,1.000,0.000000,
445.000,ARRIVED,4920,3,6,14,6.923,528.085,3.675,1.000,0.000000,
445.000,ARRIVED,4921,3,5,14,7.375,487.578,3.570,1.000,0.000000,
445.000,ARRIVED,4922,4,9,12,8.762,513.680,3.840,2.599,0.000000,
445.000,ARRIVED,4923,4,3,12,6.499,496.559,2.642,1.969,0.000000,
446.000,ARRIVED,4924,2,6,17,3.616,512.602,4.180,1.000,0.000000,
446.000,ARRIVED,4925,3,9,12,7.910,530.852,4.368,1.000,0.000000,
446.000,ARRIVED,4926,3,7,10,9.052,475.036,4.341,2.348,0.000000,
446.000,ARRIVED,4927,3,2,2,6.097,521.722,7.268,1.000,0.000000,
446.000,ARRIVED,4928,4,5,5,2.108,505.152,7.833,1.000,0.000000,
446.000,ARRIVED,4929,4,10,14,5.203,502.628,4.308,1.000,0.000000,
446.135,FINISHED,453,3,7,2,8.546,112.353,3.291,1.000,0.000000,
446.135,STARTED,464,3,8,18,7.177,107.970,4.885,1.000,0.000000,observed_rate=3.000
447.000,ARRIVED,4930,0,4,15,1.327,549.703,4.695,1.000,0.000000,
447.000,ARRIVED,4931,2,3,18,2.723,554.320,7.396,1.000,0.000000,
447.000,ARRIVED,4932,3,6,20,4.330,514.633,5.237,1.000,0.000000,
447.000,ARRIVED,4933,3,6,11,6.890,494.476,5.153,1.000,0.000000,
447.000,ARRIVED,4934,4,10,15,9.584,543.244,3.295,1.000,0.000000,
447.000,ARRIVED,4935,4,4,10,2.972,505.933,5.772,1.000,0.000000,
448.000,ARRIVED,4936,0,9,14,6.888,566.349,7.746,1.000,0.000000,
448.000,ARRIVED,4937,1,4,18,6.043,525.818,5.858,1.588,0.000000,
448.000,ARRIVED,4938,3,3,9,8.562,557.761,6.136,1.000,0.000000,
448.000,ARRIVED,4939,3,4,18,3.395,476.896,4.506,1.771,0.000000,
448.000,ARRIVED,4940,3,8,16,2.596,498.525,4.056,1.000,0.000000,
448.000,ARRIVED,4941,4,10,9,7.680,475.199,2.574,1.000,0.000000,
448.000,ARRIVED,4942,4,4,13,2.297,558.974,4.719,1.000,0.000000,
448.000,ARRIVED,4943,4,5,10,6.270,477.187,5.617,2.657,0.000000,
448.000,ARRIVED,4944,4,10,1,3.226,530.794,5.100,1.000,0.000000,
448.447,FINISHED,519,2,6,7,8.946,98.635,5.485,2.812,0.000000,
448.447,STARTED,543,2,8,1,9.451,127.852,5.529,2.143,0.000000,observed_rate=0.000
448.553,FINISHED,1216,0,5,17,9.276,209.103,7.658,1.615,0.000000,
448.553,STARTED,1252,0,3,8,8.428,228.112,7.387,1.000,0.000000,observed_rate=1.000
448.737,FINISHED,407,4,1,13,5.871,144.738,5.257,1.000,0.000000,
448.737,STARTED,408,4,9,3,1.271,66.788,6.443,1.000,0.000000,observed_rate=4.000
449.000,ARRIVED,4945,1,3,14,2.486,499.818,3.512,1.000,0.000000,
449.000,ARRIVED,4946,2,6,9,1.768,512.880,7.770,1.000,0.000000,
449.000,ARRIVED,4947,3,2,13,2.550,507.760,6.615,1.000,0.000000,
449.000,ARRIVED,4948,4,2,15,2.642,494.749,6.808,1.000,0.000000,
449.000,ARRIVED,4949,4,2,10,4.998,489.265,2.562,1.000,0.000000,
449.000,ARRIVED,4950,4,5,19,5.807,566.350,7.005,1.000,0.000000,
449.000,ARRIVED,4951,4,9,16,7.173,482.885,2.306,2.404,0.000000,
449.000,ARRIVED,4952,4,8,17,1.536,555.243,4.898,1.000,0.000000,
449.000,ARRIVED,4953,4,7,6,1.740,567.604,2.540,1.000,0.000000,
449.000,ARRIVED,4954,4,3,11,3.820,526.349,7.253,1.000,0.000000,
449.000,ARRIVED,4955,4,10,20,4.039,508.683,5.191,1.000,0.000000,
449.078,FINISHED,476,1,1,14,8.325,137.163,2.214,2.887,0.000000,
449.078,STARTED,477,1,2,5,5.863,110.191,7.072,1.000,0.000000,observed_rate=1.000
450.000,ARRIVED,4956,0,5,17,8.106,494.319,6.504,1.000,0.000000,
450.000,ARRIVED,4957,2,1,13,3.430,517.714,6.116,1.000,0.000000,
450.000,ARRIVED,4958,3,1,9,1.097,533.004,4.768,1.000,0.000000,
450.000,ARRIVED,4959,3,6,15,7.058,492.559,6.594,1.000,0.000000,
450.000,ARRIVED,4960,3,1,9,6.558,539.401,3.151,2.094,0.000000,
450.000,ARRIVED,4961,4,2,15,3.461,526.436,3.428,1.000,0.000000,
450.000,ARRIVED,4962,4,6,3,7.124,497.550,7.855,1.000,0.000000,
450.000,ARRIVED,4963,4,2,19,8.663,479.344,5.984,1.000,0.000000,
451.000,ARRIVED,4964,1,7,5,6.260,522.747,7.249,1.000,0.000000,
451.000,ARRIVED,4965,1,9,20,1.916,513.047,4.671,2.373,0.000000,
451.000,ARRIVED,4966,2,3,19,4.013,538.891,7.367,2.309,0.000000,
451.000,ARRIVED,4967,2,1,18,2.355,566.937,3.798,1.000,0.000000,
451.000,ARRIVED,4968,3,5,14,8.967,565.258,5.627,1.000,0.000000,
451.000,ARRIVED,4969,3,8,9,3.589,569.323,2.568,1.000,0.000000,
451.000,ARRIVED,4970,3,10,3,9.665,523.107,3.644,1.000,0.000000,
451.000,ARRIVED,4971,3,6,7,6.770,494.234,5.406,1.000,0.000000,
451.000,ARRIVED,4972,4,1,19,8.407,480.650,5.053,1.000,0.000000,
451.000,ARRIVED,4973,4,9,4,1.402,479.996,2.698,1.000,0.000000,
451.000,ARRIVED,4974,4,6,19,4.539,532.302,4.186,1.000,0.000000,
451.000,ARRIVED,4975,4,6,10,9.841,514.655,2.235,1.725,0.000000,
451.021,FINISHED,464,3,8,18,7.177,107.970,4.885,1.000,0.000000,
451.021,STARTED,465,3,6,17,1.222,86.263,6.051,1.000,0.000000,observed_rate=4.000
452.000,ARRIVED,4976,1,10,16,9.796,548.077,7.909,1.000,0.000000,
452.000,ARRIVED,4977,2,6,10,1.052,516.896,4.684,1.000,0.000000,
452.000,ARRIVED,4978,2,9,19,2.495,558.543,3.442,1.000,0.000000,
452.000,ARRIVED,4979,2,7,13,1.137,549.735,6.472,1.000,0.000000,
452.000,ARRIVED,4980,3,3,2,5.127,542.589,6.978,2.687,0.000000,
452.000,ARRIVED,4981,3,3,14,5.896,537.227,4.139,1.000,0.000000,
452.000,ARRIVED,4982,3,7,5,5.762,558.080,2.466,1.858,0.000000,
452.000,ARRIVED,4983,4,4,10,3.869,487.822,5.308,1.000,0.000000,
452.000,ARRIVED,4984,4,2,14,1.424,567.435,3.959,1.000,0.000000,
453.000,ARRIVED,4985,0,10,16,3.631,562.726,3.313,1.000,0.000000,
453.000,ARRIVED,4986,0,5,13,5.229,533.865,6.809,1.000,0.000000,
453.000,ARRIVED,4987,0,2,2,6.714,555.948,4.790,1.000,0.000000,
453.000,ARRIVED,4988,1,4,12,2.678,546.367,7.785,1.000,0.000000,
453.000,ARRIVED,4989,3,9,17,9.115,541.061,4.130,1.000,0.000000,
453.000,ARRIVED,4990,3,3,10,1.002,479.521,6.264,1.000,0.000000,
453.000,ARRIVED,4991,4,7,3,1.312,546.658,6.177,1.000,0.000000,
453.000,ARRIVED,4992,4,3,12,5.572,535.067,5.536,1.000,0.000000,
453.000,ARRIVED,4993,4,1,13,7.661,564.794,2.127,1.000,0.000000,
453.000,ARRIVED,4994,4,7,4,1.994,571.011,6.127,1.000,0.000000,
453.000,ARRIVED,4995,4,10,10,3.979,526.475,4.516,1.870,0.000000,
453.000,ARRIVED,4996,4,7,2,8.322,533.177,3.363,2.226,0.000000,
453.000,ARRIVED,4997,4,6,8,2.978,563.320,3.825,1.000,0.000000,
453.000,ARRIVED,4998,4,1,11,2.351,513.747,3.259,1.000,0.000000,
453.000,ARRIVED,4999,4,10,9,4.628,568.718,6.825,1.000,0.000000,
453.000,ARRIVED,5000,4,9,2,7.527,477.488,3.459,1.000,0.000000,
454.000,ARRIVED,5001,2,5,2,8.185,519.991,5.584,1.000,0.000000,
454.000,ARRIVED,5002,3,2,8,5.117,479.631,4.094,2.609,0.000000,
454.000,ARRIVED,5003,3,2,3,4.469,524.812,2.383,1.000,0.000000,
454.000,ARRIVED,5004,3,2,9,3.402,505.960,5.586,1.000,0.000000,
454.000,ARRIVED,5005,4,1,3,5.431,536.197,3.810,1.000,0.000000,
454.000,ARRIVED,5006,4,10,2,7.477,536.817,4.578,1.000,0.000000,
455.000,ARRIVED,5007,1,9,17,9.184,558.856,5.522,1.000,0.000000,
455.000,ARRIVED,5008,2,3,5,4.063,566.454,5.564,2.859,0.000000,
455.000,ARRIVED,5009,3,4,18,2.233,507.782,5.793,1.000,0.000000,
455.000,ARRIVED,5010,3,3,4,4.570,572.995,7.776,1.000,0.000000,
455.000,ARRIVED,5011,3,2,17,7.992,528.212,2.570,1.000,0.000000,
455.000,ARRIVED,5012,3,8,16,7.939,533.353,6.282,1.000,0.000000,
455.000,ARRIVED,5013,3,6,7,6.579,547.247,4.990,1.000,0.000000,
455.000,ARRIVED,5014,4,6,6,3.246,512.258,4.023,1.000,0.000000,
455.000,ARRIVED,5015,4,6,4,6.707,571.349,4.275,1.000,0.000000,
455.000,ARRIVED,5016,4,7,7,7.406,477.752,5.929,1.000,0.000000,
455.000,ARRIVED,5017,4,1,16,8.694,534.132,2.143,1.000,0.000000,
455.000,ARRIVED,5018,4,5,18,8.345,489.454,2.442,2.691,0.000000,
455.179,FINISHED,408,4,9,3,1.271,66.788,6.443,1.000,0.000000,
455.179,STARTED,409,4,2,12,4.269,74.603,7.971,2.526,0.000000,observed_rate=5.000
455.179,OFFLOADED,410,4,2,5,9.089,151.837,6.081,1.000,0.000000,trigger=REACTIVE;observed_rate=5.000;smoothed_rate=4.569;predicted_queue=1648.000;deadline_risk=false;decision_score=0.000000;offload_count=1;destination_node=-1;destination_policy=DROP
455.179,OFFLOADED,411,4,7,11,1.081,74.969,5.998,2.310,0.000000,trigger=REACTIVE;observed_rate=5.000;smoothed_rate=4.569;predicted_queue=1648.000;deadline_risk=false;decision_score=0.000000;offload_count=1;destination_node=-1;destination_policy=DROP
455.179,OFFLOADED,412,4,9,4,4.721,126.552,6.909,2.978,0.000000,trigger=REACTIVE;observed_rate=5.000;smoothed_rate=4.569;predicted_queue=1648.000;deadline_risk=false;decision_score=0.000000;offload_count=1;destination_node=-1;destination_policy=DROP
455.179,OFFLOADED,415,4,10,19,2.493,148.840,7.273,1.000,0.000000,trigger=REACTIVE;observed_rate=5.000;smoothed_rate=4.569;predicted_queue=1648.000;deadline_risk=false;decision_score=0.000000;offload_count=1;destination_node=-1;destination_policy=DROP
455.179,OFFLOADED,416,4,10,20,1.408,130.437,7.843,1.000,0.000000,trigger=REACTIVE;observed_rate=5.000;smoothed_rate=4.569;predicted_queue=1648.000;deadline_risk=false;decision_score=0.000000;offload_count=1;destination_node=-1;destination_policy=DROP
455.940,FINISHED,1252,0,3,8,8.428,228.112,7.387,1.000,0.000000,
455.940,STARTED,1253,0,1,3,9.405,176.036,6.859,2.374,0.000000,observed_rate=0.000
456.000,ARRIVED,5019,1,6,17,7.757,530.335,6.111,1.000,0.000000,
456.000,ARRIVED,5020,2,9,16,8.243,561.014,4.502,1.000,0.000000,
456.000,ARRIVED,5021,3,2,8,2.024,502.527,7.142,1.000,0.000000,
456.000,ARRIVED,5022,3,7,5,6.617,568.209,3.471,1.000,0.000000,
456.000,ARRIVED,5023,4,6,1,6.245,514.798,5.668,1.000,0.000000,
456.000,ARRIVED,5024,4,3,11,6.553,497.329,4.194,1.000,0.000000,
456.000,ARRIVED,5025,4,7,10,6.331,548.877,2.268,1.000,0.000000,
456.000,ARRIVED,5026,4,7,17,8.504,550.374,2.477,1.000,0.000000,
456.000,ARRIVED,5027,4,8,5,2.282,520.226,3.900,2.856,0.000000,
456.150,FINISHED,477,1,2,5,5.863,110.191,7.072,1.000,0.000000,
456.150,STARTED,478,1,1,20,5.262,162.819,5.406,1.000,0.000000,observed_rate=1.000
457.000,ARRIVED,5028,0,10,19,9.380,514.305,5.388,1.000,0.000000,
457.000,ARRIVED,5029,1,4,6,4.275,532.837,3.628,1.000,0.000000,
457.000,ARRIVED,5030,2,4,16,2.227,484.121,3.177,2.096,0.000000,
457.000,ARRIVED,5031,2,1,7,7.380,543.912,7.283,1.000,0.000000,
457.000,ARRIVED,5032,2,1,6,2.765,575.407,2.780,1.000,0.000000,
457.000,ARRIVED,5033,2,7,13,1.743,497.692,4.293,1.000,0.000000,
457.000,ARRIVED,5034,3,6,10,3.790,505.339,4.497,1.000,0.000000,
457.000,ARRIVED,5035,3,3,16,3.940,532.814,6.969,1.000,0.000000,
457.000,ARRIVED,5036,3,5,1,8.270,481.577,5.052,1.000,0.000000,
457.000,ARRIVED,5037,3,3,4,3.904,519.921,3.534,1.000,0.000000,
457.000,ARRIVED,5038,4,4,14,4.548,557.571,3.205,1.000,0.000000,
457.000,ARRIVED,5039,4,5,19,6.944,564.166,4.892,1.000,0.000000,
457.000,ARRIVED,5040,4,6,11,6.109,572.079,7.932,1.000,0.000000,
457.071,FINISHED,465,3,6,17,1.222,86.263,6.051,1.000,0.000000,
457.071,STARTED,466,3,8,19,7.344,137.184,4.493,1.869,0.000000,observed_rate=4.000
457.071,OFFLOADED,482,3,10,5,6.159,106.510,5.884,1.000,0.000000,trigger=REACTIVE;observed_rate=4.000;smoothed_rate=3.299;predicted_queue=1198.000;deadline_risk=false;decision_score=0.000000;offload_count=1;destination_node=-1;destination_policy=DROP
457.071,OFFLOADED,483,3,8,10,7.155,144.061,7.533,2.297,0.000000,trigger=REACTIVE;observed_rate=4.000;smoothed_rate=3.299;predicted_queue=1198.000;deadline_risk=false;decision_score=0.000000;offload_count=1;destination_node=-1;destination_policy=DROP
457.071,OFFLOADED,484,3,9,6,6.568,122.646,3.819,2.487,0.000000,trigger=REACTIVE;observed_rate=4.000;smoothed_rate=3.299;predicted_queue=1198.000;deadline_risk=false;decision_score=0.000000;offload_count=1;destination_node=-1;destination_policy=DROP
457.071,OFFLOADED,485,3,9,15,5.867,89.714,4.655,1.000,0.000000,trigger=REACTIVE;observed_rate=4.000;smoothed_rate=3.299;predicted_queue=1198.000;deadline_risk=false;decision_score=0.000000;offload_count=1;destination_node=-1;destination_policy=DROP
457.071,OFFLOADED,486,3,8,14,1.013,66.972,2.667,2.638,0.000000,trigger=REACTIVE;observed_rate=4.000;smoothed_rate=3.299;predicted_queue=1198.000;deadline_risk=false;decision_score=0.000000;offload_count=1;destination_node=-1;destination_policy=DROP
458.000,ARRIVED,5041,0,6,20,1.129,547.475,6.104,1.000,0.000000,
458.000,ARRIVED,5042,0,10,1,3.774,530.118,3.630,1.576,0.000000,
458.000,ARRIVED,5043,1,3,15,5.947,540.428,3.415,1.000,0.000000,
458.000,ARRIVED,5044,1,8,5,7.051,505.533,6.631,1.641,0.000000,
458.000,ARRIVED,5045,1,10,13,5.701,513.004,3.883,2.603,0.000000,
458.000,ARRIVED,5046,1,7,9,4.991,481.506,3.604,1.000,0.000000,
458.000,ARRIVED,5047,2,5,10,1.579,532.657,2.281,1.000,0.000000,
458.000,ARRIVED,5048,2,6,6,8.627,553.171,2.871,1.000,0.000000,
458.000,ARRIVED,5049,3,2,2,7.106,480.938,5.717,1.000,0.000000,
458.000,ARRIVED,5050,4,10,9,3.229,502.462,4.106,1.000,0.000000,
458.000,ARRIVED,5051,4,7,14,7.751,525.514,5.290,1.000,0.000000,
459.000,ARRIVED,5052,1,5,10,6.251,503.218,5.732,1.000,0.000000,
459.000,ARRIVED,5053,2,2,8,8.489,535.865,3.619,1.000,0.000000,
459.000,ARRIVED,5054,2,1,2,6.092,501.605,5.841,1.000,0.000000,
459.000,ARRIVED,5055,3,5,8,5.595,554.568,7.942,1.000,0.000000,
459.000,ARRIVED,5056,4,1,15,4.559,575.099,6.578,2.262,0.000000,
459.000,ARRIVED,5057,4,10,8,6.247,502.650,6.544,1.000,0.000000,
459.000,ARRIVED,5058,4,2,9,9.947,504.220,7.804,1.000,0.000000,
459.000,ARRIVED,5059,4,1,16,1.899,543.645,4.265,1.000,0.000000,
459.000,ARRIVED,5060,4,5,9,1.750,487.193,7.738,1.000,0.000000,
459.000,ARRIVED,5061,4,3,2,1.578,551.099,4.610,1.000,0.000000,
459.000,ARRIVED,5062,4,6,13,3.605,515.472,5.804,2.387,0.000000,
459.000,ARRIVED,5063,4,5,14,9.423,546.883,7.004,1.000,0.000000,
460.000,ARRIVED,5064,1,3,1,9.759,517.352,5.349,2.849,0.000000,
460.000,ARRIVED,5065,1,10,9,1.511,579.884,3.541,1.000,0.000000,
460.000,ARRIVED,5066,1,8,6,2.212,554.385,3.357,1.000,0.000000,
460.000,ARRIVED,5067,1,10,20,5.245,577.538,5.244,1.000,0.000000,
460.000,ARRIVED,5068,1,9,3,2.173,521.241,2.221,2.105,0.000000,
460.000,ARRIVED,5069,2,3,18,9.745,484.290,6.886,1.000,0.000000,
460.000,ARRIVED,5070,2,2,12,6.293,514.676,7.983,1.820,0.000000,
460.000,ARRIVED,5071,2,2,4,4.576,541.522,4.513,1.000,0.000000,
460.000,ARRIVED,5072,3,7,12,7.551,522.769,6.224,1.000,0.000000,
460.000,ARRIVED,5073,3,1,6,3.342,506.545,4.905,1.000,0.000000,
460.000,ARRIVED,5074,3,2,7,9.790,555.069,6.771,1.000,0.000000,
460.000,ARRIVED,5075,4,7,14,4.835,545.586,2.407,1.000,0.000000,
460.000,ARRIVED,5076,4,9,7,4.344,556.030,4.748,2.773,0.000000,
460.000,ARRIVED,5077,4,8,19,5.683,553.992,2.150,1.000,0.000000,
460.000,ARRIVED,5078,4,1,17,4.060,530.887,6.894,1.000,0.000000,
460.000,ARRIVED,5079,4,2,19,4.603,488.599,2.445,1.000,0.000000,
460.294,FINISHED,543,2,8,1,9.451,127.852,5.529,2.143,0.000000,
460.294,STARTED,550,2,5,13,5.343,125.290,2.165,1.000,0.000000,observed_rate=3.000
461.000,ARRIVED,5080,1,2,10,9.868,562.211,7.174,1.000,0.000000,
461.000,ARRIVED,5081,2,4,5,9.654,554.453,3.376,1.000,0.000000,
461.000,ARRIVED,5082,2,10,19,7.250,510.572,7.576,1.641,0.000000,
461.000,ARRIVED,5083,2,2,18,5.464,500.589,6.262,2.979,0.000000,
461.000,ARRIVED,5084,3,7,6,4.563,575.244,2.892,1.000,0.000000,
461.000,ARRIVED,5085,4,7,13,9.358,539.164,3.024,1.000,0.000000,
461.000,ARRIVED,5086,4,8,10,7.568,536.791,2.040,1.000,0.000000,
461.000,ARRIVED,5087,4,1,12,1.598,486.367,7.983,1.000,0.000000,
461.000,ARRIVED,5088,4,8,14,3.731,527.456,4.299,2.826,0.000000,
461.556,FINISHED,478,1,1,20,5.262,162.819,5.406,1.000,0.000000,
461.556,STARTED,493,1,8,6,5.673,97.709,7.170,2.989,0.000000,observed_rate=1.000
462.000,ARRIVED,5089,0,2,8,1.601,570.227,2.337,1.000,0.000000,
462.000,ARRIVED,5090,1,9,4,6.957,484.340,4.523,1.000,0.000000,
462.000,ARRIVED,5091,2,9,8,5.650,504.089,2.046,1.000,0.000000,
462.000,ARRIVED,5092,2,4,20,1.264,573.896,2.236,2.175,0.000000,
462.000,ARRIVED,5093,3,6,3,1.344,491.329,4.941,1.000,0.000000,
462.000,ARRIVED,5094,3,9,3,9.044,509.426,7.255,1.000,0.000000,
462.000,ARRIVED,5095,3,8,4,5.983,493.162,7.370,1.000,0.000000,
462.000,ARRIVED,5096,4,7,18,3.334,496.711,6.632,1.693,0.000000,
462.000,ARRIVED,5097,4,4,10,9.511,536.460,6.953,1.000,0.000000,
462.000,ARRIVED,5098,4,5,16,6.963,520.138,7.055,2.552,0.000000,
462.000,ARRIVED,5099,4,7,6,3.473,511.691,6.264,1.000,0.000000,
462.000,ARRIVED,5100,4,4,6,3.692,557.064,5.822,1.000,0.000000,
462.000,ARRIVED,5101,4,6,14,8.090,491.041,5.235,1.000,0.000000,
462.459,FINISHED,550,2,5,13,5.343,125.290,2.165,1.000,0.000000,
462.459,STARTED,551,2,1,3,9.083,70.973,5.096,1.000,0.000000,observed_rate=2.000
463.000,ARRIVED,5102,1,3,1,5.005,564.140,7.681,2.978,0.000000,
463.000,ARRIVED,5103,3,10,12,2.322,582.600,5.664,1.000,0.000000,
463.000,ARRIVED,5104,3,1,14,7.523,491.096,4.778,1.000,0.000000,
463.000,ARRIVED,5105,3,2,19,9.777,575.254,6.776,1.000,0.000000,
463.000,ARRIVED,5106,3,7,7,2.309,491.532,4.537,2.662,0.000000,
463.000,ARRIVED,5107,3,9,10,5.389,513.179,2.120,1.000,0.000000,
463.000,ARRIVED,5108,4,7,13,1.529,563.930,2.125,1.000,0.000000,
463.000,ARRIVED,5109,4,6,17,4.409,561.255,5.937,1.000,0.000000,
463.000,ARRIVED,5110,4,4,17,3.917,512.311,3.341,1.000,0.000000,
463.000,ARRIVED,5111,4,7,6,3.877,516.773,3.371,1.530,0.000000,
464.000,ARRIVED,5112,0,1,4,2.874,542.599,7.134,1.000,0.000000,
464.000,ARRIVED,5113,2,10,6,8.087,523.443,5.943,1.000,0.000000,
464.000,ARRIVED,5114,4,4,14,5.606,484.394,6.376,2.977,0.000000,
464.000,ARRIVED,5115,4,6,7,8.021,540.570,7.512,2.382,0.000000,
464.000,ARRIVED,5116,4,3,10,3.141,559.308,6.915,2.093,0.000000,
464.000,ARRIVED,5117,4,8,20,7.055,507.587,7.477,1.000,0.000000,
464.000,ARRIVED,5118,4,10,14,9.527,542.629,4.391,1.000,0.000000,
464.000,ARRIVED,5119,4,9,14,3.746,490.840,6.371,1.000,0.000000,
465.000,ARRIVED,5120,1,9,8,3.714,535.478,2.983,1.000,0.000000,
465.000,ARRIVED,5121,2,5,3,5.644,514.626,5.164,2.895,0.000000,
465.000,ARRIVED,5122,2,10,12,7.626,520.794,4.352,1.000,0.000000,
465.000,ARRIVED,5123,2,1,4,9.050,522.456,2.208,1.000,0.000000,
465.000,ARRIVED,5124,2,7,17,4.298,572.588,2.685,1.000,0.000000,
465.000,ARRIVED,5125,2,9,3,8.953,511.992,4.710,1.000,0.000000,
465.000,ARRIVED,5126,2,6,10,2.713,551.085,7.109,1.000,0.000000,
465.000,ARRIVED,5127,3,1,2,9.522,563.454,5.478,1.000,0.000000,
465.000,ARRIVED,5128,4,5,5,2.203,562.770,6.484,1.000,0.000000,
465.000,ARRIVED,5129,4,1,7,7.608,534.478,5.429,1.000,0.000000,
465.466,FINISHED,466,3,8,19,7.344,137.184,4.493,1.869,0.000000,
465.466,STARTED,496,3,3,12,7.696,124.572,6.121,1.680,0.000000,observed_rate=1.000
466.000,ARRIVED,5130,0,5,5,1.472,523.189,5.252,1.000,0.000000,
466.000,ARRIVED,5131,0,6,10,5.700,486.026,7.655,1.000,0.000000,
466.000,ARRIVED,5132,2,4,11,8.606,562.642,7.293,2.011,0.000000,
466.000,ARRIVED,5133,2,2,1,2.599,506.678,4.857,2.264,0.000000,
466.000,ARRIVED,5134,3,9,19,3.958,515.125,5.136,1.000,0.000000,
466.000,ARRIVED,5135,3,2,19,3.956,541.383,2.662,2.534,0.000000,
466.000,ARRIVED,5136,4,8,14,4.310,513.403,2.221,2.103,0.000000,
466.000,ARRIVED,5137,4,9,4,1.434,575.977,4.456,1.000,0.000000,
466.000,ARRIVED,5138,4,9,7,8.360,544.961,4.399,1.000,0.000000,
466.000,ARRIVED,5139,4,1,6,6.692,559.181,2.213,2.029,0.000000,
466.000,ARRIVED,5140,4,10,17,9.090,505.337,3.260,1.000,0.000000,
466.000,ARRIVED,5141,4,8,18,1.325,571.067,5.533,1.000,0.000000,
466.000,ARRIVED,5142,4,2,9,4.089,549.032,4.112,2.736,0.000000,
466.000,ARRIVED,5143,4,1,2,3.535,537.981,7.189,2.303,0.000000,
467.000,ARRIVED,5144,1,7,20,4.610,542.172,3.327,1.840,0.000000,
467.000,ARRIVED,5145,1,10,14,1.726,535.846,2.957,1.000,0.000000,
467.000,ARRIVED,5146,2,7,16,1.288,552.841,3.217,1.000,0.000000,
467.000,ARRIVED,5147,2,8,6,1.129,564.415,6.163,1.000,0.000000,
467.000,ARRIVED,5148,2,3,2,9.784,551.957,7.926,1.000,0.000000,
467.000,ARRIVED,5149,3,6,12,3.297,506.910,4.178,1.000,0.000000,
467.000,ARRIVED,5150,3,3,2,7.714,564.982,5.573,1.000,0.000000,
467.000,ARRIVED,5151,3,6,4,8.379,586.300,2.575,1.000,0.000000,
467.000,ARRIVED,5152,4,2,18,2.204,520.431,2.374,1.000,0.000000,
467.000,ARRIVED,5153,4,4,14,3.877,533.740,6.557,2.804,0.000000,
467.000,ARRIVED,5154,4,4,6,7.485,540.713,5.442,2.884,0.000000,
467.000,ARRIVED,5155,4,3,20,9.674,571.185,5.210,1.000,0.000000,
467.555,FINISHED,551,2,1,3,9.083,70.973,5.096,1.000,0.000000,
467.555,STARTED,568,2,5,11,9.778,88.567,2.554,1.000,0.000000,observed_rate=3.000
468.000,ARRIVED,5156,0,5,20,7.019,585.536,2.319,1.665,0.000000,
468.000,ARRIVED,5157,0,7,12,3.271,528.912,6.354,1.691,0.000000,
468.000,ARRIVED,5158,1,9,7,3.333,511.536,5.399,1.000,0.000000,
468.000,ARRIVED,5159,2,8,2,8.208,557.146,6.103,1.000,0.000000,
468.000,ARRIVED,5160,2,6,3,6.059,494.834,3.696,1.000,0.000000,
468.000,ARRIVED,5161,3,1,20,8.450,540.848,2.056,1.000,0.000000,
468.000,ARRIVED,5162,4,7,9,5.764,526.343,5.877,1.000,0.000000,
468.000,ARRIVED,5163,4,2,8,1.438,551.559,2.993,2.636,0.000000,
469.000,ARRIVED,5164,0,10,11,7.666,493.784,7.454,1.000,0.000000,
469.000,ARRIVED,5165,1,1,2,2.030,494.868,2.340,1.000,0.000000,
469.000,ARRIVED,5166,3,7,2,5.758,585.841,5.773,1.000,0.000000,
469.000,ARRIVED,5167,4,4,16,9.671,584.773,6.008,1.000,0.000000,
469.000,ARRIVED,5168,4,5,7,2.821,503.976,7.975,1.000,0.000000,
470.000,ARRIVED,5169,2,3,7,7.403,576.685,3.736,1.973,0.000000,
470.000,ARRIVED,5170,2,3,11,3.162,511.114,7.877,1.000,0.000000,
470.000,ARRIVED,5171,2,6,1,2.619,548.988,7.653,1.000,0.000000,
470.000,ARRIVED,5172,3,1,5,7.794,496.656,5.166,1.000,0.000000,
470.000,ARRIVED,5173,3,5,3,4.234,513.915,7.537,1.846,0.000000,
470.000,ARRIVED,5174,3,4,19,9.927,535.858,4.430,1.000,0.000000,
470.000,ARRIVED,5175,3,3,11,3.425,512.662,7.694,1.535,0.000000,
470.000,ARRIVED,5176,4,5,16,3.025,495.296,2.670,2.542,0.000000,
470.000,ARRIVED,5177,4,2,17,8.084,516.661,5.547,1.000,0.000000,
470.000,ARRIVED,5178,4,8,15,6.153,539.509,4.168,2.605,0.000000,
470.000,ARRIVED,5179,4,6,13,3.792,576.646,3.410,2.981,0.000000,
470.000,ARRIVED,5180,4,8,1,5.070,553.914,6.926,1.000,0.000000,
470.000,ARRIVED,5181,4,7,13,9.601,551.378,5.252,1.000,0.000000,
470.110,FINISHED,568,2,5,11,9.778,88.567,2.554,1.000,0.000000,
470.110,STARTED,569,2,4,2,7.785,88.927,5.297,1.592,0.000000,observed_rate=3.000
470.110,OFFLOADED,581,2,2,1,8.831,132.776,4.334,1.000,0.000000,trigger=REACTIVE;observed_rate=3.000;smoothed_rate=2.120;predicted_queue=871.000;deadline_risk=false;decision_score=0.000000;offload_count=1;destination_node=-1;destination_policy=DROP
470.110,OFFLOADED,589,2,5,7,7.327,172.515,4.721,2.589,0.000000,trigger=REACTIVE;observed_rate=3.000;smoothed_rate=2.120;predicted_queue=871.000;deadline_risk=false;decision_score=0.000000;offload_count=1;destination_node=-1;destination_policy=DROP
470.110,OFFLOADED,590,2,5,14,4.988,107.626,2.566,1.000,0.000000,trigger=REACTIVE;observed_rate=3.000;smoothed_rate=2.120;predicted_queue=871.000;deadline_risk=false;decision_score=0.000000;offload_count=1;destination_node=-1;destination_policy=DROP
470.110,OFFLOADED,591,2,5,2,2.190,88.475,7.161,1.000,0.000000,trigger=REACTIVE;observed_rate=3.000;smoothed_rate=2.120;predicted_queue=871.000;deadline_risk=false;decision_score=0.000000;offload_count=1;destination_node=-1;destination_policy=DROP
470.110,OFFLOADED,603,2,6,11,7.731,108.900,3.695,1.000,0.000000,trigger=REACTIVE;observed_rate=3.000;smoothed_rate=2.120;predicted_queue=871.000;deadline_risk=false;decision_score=0.000000;offload_count=1;destination_node=-1;destination_policy=DROP
471.000,ARRIVED,5182,0,2,4,4.718,492.118,2.566,1.000,0.000000,
471.000,ARRIVED,5183,0,3,14,1.602,558.009,2.504,2.369,0.000000,
471.000,ARRIVED,5184,0,10,7,2.359,550.317,2.446,1.751,0.000000,
471.000,ARRIVED,5185,2,2,17,5.043,500.077,2.513,1.000,0.000000,
471.000,ARRIVED,5186,2,1,16,1.650,515.405,3.956,1.000,0.000000,
471.000,ARRIVED,5187,2,2,17,2.895,499.077,3.439,2.565,0.000000,
471.000,ARRIVED,5188,3,8,16,1.256,580.625,3.463,1.000,0.000000,
471.000,ARRIVED,5189,3,4,9,7.980,529.181,3.882,1.000,0.000000,
471.000,ARRIVED,5190,3,9,6,2.649,539.783,7.666,1.000,0.000000,
471.000,ARRIVED,5191,4,9,6,9.777,525.757,7.344,1.000,0.000000,
471.000,ARRIVED,5192,4,5,20,9.858,541.152,2.984,1.000,0.000000,
471.000,ARRIVED,5193,4,3,16,5.827,549.566,6.444,1.000,0.000000,
471.000,ARRIVED,5194,4,3,6,5.562,498.305,7.253,1.000,0.000000,
471.000,ARRIVED,5195,4,10,18,2.624,558.404,3.755,2.104,0.000000,
472.000,ARRIVED,5196,0,8,8,4.028,565.548,4.556,2.403,0.000000,
472.000,ARRIVED,5197,0,4,4,9.885,516.921,3.228,1.000,0.000000,
472.000,ARRIVED,5198,1,4,9,3.435,587.047,2.482,1.000,0.000000,
472.000,ARRIVED,5199,3,7,5,7.318,587.200,6.912,1.000,0.000000,
472.000,ARRIVED,5200,3,5,13,1.110,581.531,5.662,1.664,0.000000,
472.000,ARRIVED,5201,3,8,8,6.117,501.616,7.630,1.000,0.000000,
472.000,ARRIVED,5202,4,4,7,9.753,568.139,4.664,1.000,0.000000,
472.000,ARRIVED,5203,4,3,17,4.689,535.642,6.403,1.000,0.000000,
472.219,FINISHED,1253,0,1,3,9.405,176.036,6.859,2.374,0.000000,
472.219,STARTED,1277,0,2,20,8.855,186.207,7.544,1.998,0.000000,observed_rate=2.000
473.000,ARRIVED,5204,0,8,12,1.024,528.482,4.433,1.000,0.000000,
473.000,ARRIVED,5205,1,10,3,1.262,556.643,2.193,2.196,0.000000,
473.000,ARRIVED,5206,1,9,13,1.562,579.932,2.418,1.000,0.000000,
473.000,ARRIVED,5207,1,2,13,3.679,589.952,4.222,1.000,0.000000,
473.000,ARRIVED,5208,2,5,4,2.487,539.239,6.290,2.865,0.000000,
473.000,ARRIVED,5209,2,3,1,2.794,592.019,6.523,2.790,0.000000,
473.000,ARRIVED,5210,3,4,11,9.853,570.859,6.435,1.000,0.000000,
473.000,ARRIVED,5211,3,6,7,7.049,567.852,7.813,1.000,0.000000,
473.000,ARRIVED,5212,3,8,20,6.682,557.861,7.798,1.000,0.000000,
473.000,ARRIVED,5213,3,7,10,3.416,568.372,3.773,2.556,0.000000,
473.000,ARRIVED,5214,4,8,13,7.951,513.422,7.135,1.000,0.000000,
473.000,ARRIVED,5215,4,3,20,2.792,564.577,6.754,1.000,0.000000,
473.000,ARRIVED,5216,4,1,5,1.990,505.920,7.320,1.000,0.000000,
473.000,ARRIVED,5217,4,2,3,5.711,570.975,3.420,1.000,0.000000,
473.000,ARRIVED,5218,4,6,13,4.913,568.111,7.854,1.000,0.000000,
474.000,ARRIVED,5219,1,3,19,7.084,584.311,3.634,2.175,0.000000,
474.000,ARRIVED,5220,1,9,11,4.563,509.171,7.416,1.000,0.000000,
474.000,ARRIVED,5221,2,2,6,8.614,537.837,2.696,2.787,0.000000,
474.000,ARRIVED,5222,3,4,11,9.751,545.990,6.413,1.000,0.000000,
474.000,ARRIVED,5223,3,7,12,6.128,496.319,2.973,1.000,0.000000,
474.000,ARRIVED,5224,3,9,4,9.158,551.295,3.818,1.000,0.000000,
474.000,ARRIVED,5225,4,7,1,7.172,519.424,2.979,1.000,0.000000,
474.000,ARRIVED,5226,4,9,6,6.088,566.108,7.473,1.000,0.000000,
474.000,ARRIVED,5227,4,6,3,5.019,563.657,2.934,2.340,0.000000,
474.000,ARRIVED,5228,4,1,3,4.967,568.028,5.215,2.220,0.000000,
475.000,ARRIVED,5229,1,3,9,8.977,503.508,2.539,1.000,0.000000,
475.000,ARRIVED,5230,3,9,2,9.992,511.471,3.506,2.834,0.000000,
475.000,ARRIVED,5231,3,1,17,5.684,512.136,7.386,1.000,0.000000,
475.000,ARRIVED,5232,3,9,17,5.970,566.590,6.878,1.000,0.000000,
475.000,ARRIVED,5233,3,4,6,4.420,593.983,3.783,1.000,0.000000,
475.000,ARRIVED,5234,4,3,18,6.235,506.744,5.123,1.947,0.000000,
475.000,ARRIVED,5235,4,4,19,2.314,554.463,5.040,1.000,0.000000,
475.000,ARRIVED,5236,4,9,3,4.308,513.128,3.721,1.000,0.000000,
475.317,FINISHED,409,4,2,12,4.269,74.603,7.971,2.526,0.000000,
475.317,STARTED,417,4,7,14,2.006,137.894,2.798,1.650,0.000000,observed_rate=3.000
475.317,OFFLOADED,418,4,7,6,5.237,109.205,3.144,1.000,0.000000,trigger=REACTIVE;observed_rate=3.000;smoothed_rate=3.748;predicted_queue=1728.000;deadline_risk=false;decision_score=0.000000;offload_count=1;destination_node=-1;destination_policy=DROP
475.317,OFFLOADED,427,4,6,18,7.881,132.623,6.101,1.000,0.000000,trigger=REACTIVE;observed_rate=3.000;smoothed_rate=3.748;predicted_queue=1728.000;deadline_risk=false;decision_score=0.000000;offload_count=1;destination_node=-1;destination_policy=DROP
475.317,OFFLOADED,428,4,2,8,1.103,151.359,4.413,1.000,0.000000,trigger=REACTIVE;observed_rate=3.000;smoothed_rate=3.748;predicted_queue=1728.000;deadline_risk=false;decision_score=0.000000;offload_count=1;destination_node=-1;destination_policy=DROP
475.317,OFFLOADED,429,4,2,20,6.641,128.162,7.555,1.000,0.000000,trigger=REACTIVE;observed_rate=3.000;smoothed_rate=3.748;predicted_queue=1728.000;deadline_risk=false;decision_score=0.000000;offload_count=1;destination_node=-1;destination_policy=DROP
475.317,OFFLOADED,441,4,5,4,8.728,144.821,6.728,1.000,0.000000,trigger=REACTIVE;observed_rate=3.000;smoothed_rate=3.748;predicted_queue=1728.000;deadline_risk=false;decision_score=0.000000;offload_count=1;destination_node=-1;destination_policy=DROP
475.747,FINISHED,496,3,3,12,7.696,124.572,6.121,1.680,0.000000,
475.747,STARTED,497,3,9,15,2.168,70.461,7.709,1.000,0.000000,observed_rate=4.000
476.000,ARRIVED,5237,0,9,4,8.052,504.383,3.234,1.000,0.000000,
476.000,ARRIVED,5238,1,1,15,4.403,590.833,3.623,1.000,0.000000,
476.000,ARRIVED,5239,2,8,5,2.542,540.012,7.989,1.000,0.000000,
476.000,ARRIVED,5240,2,10,6,5.230,531.593,5.569,1.000,0.000000,
476.000,ARRIVED,5241,3,3,1,5.709,565.046,5.574,1.924,0.000000,
476.000,ARRIVED,5242,3,7,15,5.039,555.970,6.643,1.000,0.000000,
476.000,ARRIVED,5243,4,9,15,4.804,530.134,2.654,1.000,0.000000,
476.000,ARRIVED,5244,4,2,19,8.549,565.691,4.410,2.678,0.000000,
476.000,ARRIVED,5245,4,7,15,2.484,521.978,7.656,2.293,0.000000,
476.000,ARRIVED,5246,4,9,3,7.957,587.602,5.865,1.000,0.000000,
476.000,ARRIVED,5247,4,5,10,7.132,526.058,2.321,1.000,0.000000,
477.000,ARRIVED,5248,0,4,11,6.983,506.724,4.451,2.289,0.000000,
477.000,ARRIVED,5249,1,7,10,8.055,510.094,5.651,1.000,0.000000,
477.000,ARRIVED,5250,1,6,4,6.446,549.836,7.751,1.649,0.000000,
477.000,ARRIVED,5251,2,8,11,4.418,584.202,2.008,2.163,0.000000,
477.000,ARRIVED,5252,3,9,1,2.102,499.966,3.330,2.711,0.000000,
477.000,ARRIVED,5253,3,2,9,2.149,547.197,3.484,1.000,0.000000,
477.000,ARRIVED,5254,3,10,19,4.847,515.068,6.584,2.895,0.000000,
477.000,ARRIVED,5255,3,10,9,3.951,590.165,6.162,1.000,0.000000,
477.000,ARRIVED,5256,4,4,5,3.722,526.662,6.444,1.000,0.000000,
477.000,ARRIVED,5257,4,7,10,8.136,517.975,3.735,1.000,0.000000,
477.000,ARRIVED,5258,4,7,19,4.867,559.890,7.293,1.000,0.000000,
478.000,ARRIVED,5259,2,4,3,8.390,572.645,2.300,2.618,0.000000,
478.000,ARRIVED,5260,2,7,6,4.564,506.613,4.895,1.000,0.000000,
478.000,ARRIVED,5261,3,6,12,2.892,529.257,3.757,2.787,0.000000,
478.000,ARRIVED,5262,3,5,20,9.323,501.638,2.522,2.151,0.000000,
478.000,ARRIVED,5263,3,2,7,6.173,522.701,7.233,1.000,0.000000,
478.000,ARRIVED,5264,4,2,17,2.992,575.321,4.474,1.000,0.000000,
478.543,FINISHED,569,2,4,2,7.785,88.927,5.297,1.592,0.000000,
478.543,STARTED,604,2,6,14,8.429,143.102,4.903,1.000,0.000000,observed_rate=2.000
479.000,ARRIVED,5265,1,2,3,3.741,551.912,3.360,1.000,0.000000,
479.000,ARRIVED,5266,2,2,14,7.670,586.368,7.501,1.000,0.000000,
479.000,ARRIVED,5267,2,8,10,1.365,524.209,7.557,1.646,0.000000,
479.000,ARRIVED,5268,2,9,16,7.492,547.958,6.573,2.008,0.000000,
479.000,ARRIVED,5269,3,5,20,2.758,556.709,3.473,1.000,0.000000,
479.000,ARRIVED,5270,4,10,9,3.031,505.971,4.175,1.000,0.000000,
479.000,ARRIVED,5271,4,10,12,6.937,579.965,6.065,1.000,0.000000,
479.000,ARRIVED,5272,4,7,4,4.715,537.020,5.571,1.000,0.000000,
479.000,ARRIVED,5273,4,6,1,1.070,551.770,7.337,1.000,0.000000,
479.932,FINISHED,417,4,7,14,2.006,137.894,2.798,1.650,0.000000,
479.932,STARTED,442,4,5,6,1.948,155.608,2.023,1.737,0.000000,observed_rate=4.000
480.000,ARRIVED,5274,3,1,6,1.787,511.392,5.038,2.058,0.000000,
480.000,ARRIVED,5275,3,2,14,1.602,569.429,5.111,1.000,0.000000,
480.000,ARRIVED,5276,3,5,9,4.496,591.281,2.990,1.000,0.000000,
480.000,ARRIVED,5277,3,6,8,4.413,544.047,7.069,1.696,0.000000,
480.000,ARRIVED,5278,4,6,20,8.902,522.726,3.945,2.292,0.000000,
481.000,ARRIVED,5279,0,3,6,2.236,554.561,2.653,1.000,0.000000,
481.000,ARRIVED,5280,0,4,7,6.454,515.911,4.516,1.000,0.000000,
481.000,ARRIVED,5281,1,4,9,9.815,509.728,4.881,1.000,0.000000,
481.000,ARRIVED,5282,2,7,1,4.844,597.751,7.199,1.000,0.000000,
481.000,ARRIVED,5283,2,9,18,4.180,515.587,3.532,2.359,0.000000,
481.000,ARRIVED,5284,2,8,20,8.363,503.490,3.271,1.000,0.000000,
481.000,ARRIVED,5285,2,4,19,7.350,598.925,2.736,1.000,0.000000,
481.000,ARRIVED,5286,3,6,4,7.403,591.130,2.923,1.000,0.000000,
481.000,ARRIVED,5287,3,4,1,5.848,589.059,5.250,1.000,0.000000,
481.000,ARRIVED,5288,3,9,4,7.880,598.083,7.695,1.000,0.000000,
481.000,ARRIVED,5289,4,2,18,7.346,594.218,6.794,1.000,0.000000,
481.000,ARRIVED,5290,4,9,17,8.164,507.981,2.118,1.794,0.000000,
482.000,ARRIVED,5291,1,5,6,1.137,537.240,7.289,1.000,0.000000,
482.000,ARRIVED,5292,1,1,19,5.793,549.098,7.083,1.000,0.000000,
482.000,ARRIVED,5293,2,5,17,3.947,545.027,4.416,1.000,0.000000,
482.000,ARRIVED,5294,2,5,6,3.894,576.292,3.440,1.000,0.000000,
482.000,ARRIVED,5295,2,5,12,6.982,573.763,3.354,1.000,0.000000,
482.000,ARRIVED,5296,2,3,12,3.737,592.521,7.906,1.000,0.000000,
482.000,ARRIVED,5297,3,6,19,2.517,535.727,5.746,1.000,0.000000,
482.000,ARRIVED,5298,3,2,6,9.211,588.469,2.221,1.000,0.000000,
482.000,ARRIVED,5299,4,4,11,8.101,580.862,2.763,1.000,0.000000,
482.000,ARRIVED,5300,4,6,17,1.156,516.413,6.848,1.000,0.000000,
482.000,ARRIVED,5301,4,4,18,6.187,552.182,6.005,1.000,0.000000,
482.989,FINISHED,493,1,8,6,5.673,97.709,7.170,2.989,0.000000,
482.989,STARTED,494,1,8,10,3.166,110.105,2.884,1.000,0.000000,observed_rate=2.000
483.000,ARRIVED,5302,0,10,14,6.114,542.429,3.589,2.667,0.000000,
483.000,ARRIVED,5303,1,2,14,2.864,551.612,2.759,2.483,0.000000,
483.000,ARRIVED,5304,1,2,1,8.924,505.191,7.713,1.000,0.000000,
483.000,ARRIVED,5305,2,7,5,8.018,550.099,4.103,1.000,0.000000,
483.000,ARRIVED,5306,2,2,18,7.864,541.798,6.150,1.000,0.000000,
483.000,ARRIVED,5307,3,6,5,3.936,516.585,6.916,1.000,0.000000,
483.000,ARRIVED,5308,3,4,16,2.720,562.974,3.506,1.000,0.000000,
483.000,ARRIVED,5309,3,1,16,4.874,601.750,7.984,2.925,0.000000,
483.000,ARRIVED,5310,4,9,16,3.268,510.804,2.746,1.967,0.000000,
483.000,ARRIVED,5311,4,7,11,3.876,577.416,6.315,1.000,0.000000,
483.000,ARRIVED,5312,4,2,1,5.634,560.945,7.388,2.491,0.000000,
483.000,ARRIVED,5313,4,9,14,4.875,592.873,5.703,1.000,0.000000,
483.000,ARRIVED,5314,4,7,6,5.881,521.146,7.031,1.000,0.000000,
483.000,ARRIVED,5315,4,2,3,5.477,577.246,7.546,2.387,0.000000,
483.445,FINISHED,442,4,5,6,1.948,155.608,2.023,1.737,0.000000,
483.445,STARTED,443,4,4,11,4.150,159.405,6.221,1.000,0.000000,observed_rate=6.000
483.446,FINISHED,604,2,6,14,8.429,143.102,4.903,1.000,0.000000,
483.446,STARTED,616,2,5,3,9.797,132.143,3.519,1.000,0.000000,observed_rate=2.000
483.456,FINISHED,497,3,9,15,2.168,70.461,7.709,1.000,0.000000,
483.456,STARTED,498,3,1,14,8.443,147.987,6.724,1.000,0.000000,observed_rate=3.000
484.000,ARRIVED,5316,1,6,14,8.932,521.429,2.489,1.000,0.000000,
484.000,ARRIVED,5317,1,7,7,2.931,509.646,4.996,1.000,0.000000,
484.000,ARRIVED,5318,1,3,19,7.077,596.660,6.749,2.489,0.000000,
484.000,ARRIVED,5319,2,1,15,3.933,587.597,6.001,2.869,0.000000,
484.000,ARRIVED,5320,2,10,10,4.249,563.373,6.586,1.000,0.000000,
484.000,ARRIVED,5321,2,8,8,4.110,524.281,2.919,1.000,0.000000,
484.000,ARRIVED,5322,2,2,9,3.215,548.164,7.373,1.600,0.000000,
484.000,ARRIVED,5323,3,3,2,2.470,599.273,7.819,1.000,0.000000,
484.000,ARRIVED,5324,3,2,11,7.392,530.577,4.555,1.000,0.000000,
484.000,ARRIVED,5325,3,10,12,5.138,541.712,5.981,1.000,0.000000,
484.000,ARRIVED,5326,4,5,14,7.282,550.752,5.309,1.000,0.000000,
485.000,ARRIVED,5327,0,6,18,2.221,571.845,2.125,1.938,0.000000,
485.000,ARRIVED,5328,1,8,13,6.869,535.511,3.897,1.000,0.000000,
485.000,ARRIVED,5329,1,6,14,6.099,570.278,4.367,2.888,0.000000,
485.000,ARRIVED,5330,1,4,18,6.498,602.907,6.832,1.000,0.000000,
485.000,ARRIVED,5331,2,5,12,2.057,513.803,3.014,2.183,0.000000,
485.000,ARRIVED,5332,2,9,13,1.126,584.600,7.677,1.000,0.000000,
485.000,ARRIVED,5333,2,6,4,3.542,603.250,7.831,1.000,0.000000,
485.000,ARRIVED,5334,3,6,1,2.705,525.005,7.055,1.000,0.000000,
485.000,ARRIVED,5335,3,10,17,5.790,594.742,7.782,1.000,0.000000,
485.000,ARRIVED,5336,4,5,10,7.000,518.814,7.865,2.390,0.000000,
485.000,ARRIVED,5337,4,7,4,1.403,536.302,3.493,2.428,0.000000,
485.000,ARRIVED,5338,4,2,9,4.556,554.501,5.911,1.000,0.000000,
485.000,ARRIVED,5339,4,3,16,2.741,514.844,4.531,1.000,0.000000,
485.873,FINISHED,494,1,8,10,3.166,110.105,2.884,1.000,0.000000,
485.873,STARTED,499,1,6,20,2.065,74.821,3.064,1.000,0.000000,observed_rate=3.000
486.000,ARRIVED,5340,1,9,4,1.092,585.953,6.648,1.000,0.000000,
486.000,ARRIVED,5341,2,1,16,8.173,533.915,4.261,1.780,0.000000,
486.000,ARRIVED,5342,2,7,12,1.485,542.782,7.108,2.823,0.000000,
486.000,ARRIVED,5343,2,10,5,9.348,510.642,3.141,1.000,0.000000,
486.000,ARRIVED,5344,3,3,12,5.491,573.463,6.622,1.000,0.000000,
486.000,ARRIVED,5345,3,1,12,1.213,540.616,7.626,1.000,0.000000,
486.000,ARRIVED,5346,3,8,18,4.270,582.563,6.803,1.000,0.000000,
486.000,ARRIVED,5347,3,3,15,8.885,535.239,4.330,1.794,0.000000,
486.000,ARRIVED,5348,3,9,6,1.729,526.432,4.476,2.013,0.000000,
486.000,ARRIVED,5349,3,6,5,7.170,542.306,3.134,1.000,0.000000,
486.000,ARRIVED,5350,3,1,10,7.034,567.315,5.923,1.000,0.000000,
486.000,ARRIVED,5351,4,8,15,5.176,604.909,6.768,1.000,0.000000,
486.000,ARRIVED,5352,4,3,17,8.646,587.469,4.640,1.842,0.000000,
486.000,ARRIVED,5353,4,6,1,4.313,516.749,3.127,1.000,0.000000,
486.000,ARRIVED,5354,4,2,12,5.623,589.354,5.088,1.000,0.000000,
486.000,ARRIVED,5355,4,3,17,6.754,545.939,3.680,1.000,0.000000,
486.965,FINISHED,616,2,5,3,9.797,132.143,3.519,1.000,0.000000,
486.965,STARTED,617,2,3,4,7.300,138.462,7.975,1.000,0.000000,observed_rate=3.000
487.000,ARRIVED,5356,1,6,2,7.378,556.685,7.017,1.000,0.000000,
487.000,ARRIVED,5357,1,2,14,1.155,528.331,5.581,2.967,0.000000,
487.000,ARRIVED,5358,1,3,2,7.908,559.534,5.111,2.197,0.000000,
487.000,ARRIVED,5359,2,6,6,6.922,584.994,7.444,1.000,0.000000,
487.000,ARRIVED,5360,2,4,2,9.073,526.597,3.161,1.000,0.000000,
487.000,ARRIVED,5361,2,3,9,1.941,591.133,4.224,1.542,0.000000,
487.000,ARRIVED,5362,2,7,8,8.837,521.173,2.058,1.000,0.000000,
487.000,ARRIVED,5363,2,6,1,5.227,511.857,2.757,1.000,0.000000,
487.000,ARRIVED,5364,3,10,17,3.700,533.872,4.808,1.000,0.000000,
487.000,ARRIVED,5365,3,9,14,2.113,536.638,4.116,2.353,0.000000,
487.000,ARRIVED,5366,4,2,11,3.665,594.510,7.291,1.000,0.000000,
487.292,FINISHED,1277,0,2,20,8.855,186.207,7.544,1.998,0.000000,
487.292,STARTED,1343,0,6,7,2.946,183.969,4.720,1.893,0.000000,observed_rate=0.000
488.000,ARRIVED,5367,0,9,8,6.462,551.259,7.330,1.000,0.000000,
488.000,ARRIVED,5368,2,8,9,9.472,509.484,3.962,1.000,0.000000,
488.000,ARRIVED,5369,2,10,10,5.203,534.235,5.098,1.000,0.000000,
488.000,ARRIVED,5370,2,8,12,9.033,592.242,7.768,1.000,0.000000,
488.000,ARRIVED,5371,2,8,17,3.579,561.035,6.088,1.000,0.000000,
488.000,ARRIVED,5372,2,5,2,5.314,594.647,7.571,1.000,0.000000,
488.000,ARRIVED,5373,2,10,12,1.987,516.165,4.312,1.000,0.000000,
488.000,ARRIVED,5374,2,8,13,3.120,571.289,5.397,2.851,0.000000,
488.000,ARRIVED,5375,3,2,5,1.494,539.633,7.701,1.000,0.000000,
488.000,ARRIVED,5376,3,10,20,3.296,595.782,5.160,2.967,0.000000,
488.000,ARRIVED,5377,3,7,12,9.010,596.944,2.650,1.617,0.000000,
488.000,ARRIVED,5378,4,2,9,4.890,531.052,2.519,2.980,0.000000,
488.000,ARRIVED,5379,4,3,16,6.034,569.998,3.848,1.000,0.000000,
488.937,FINISHED,499,1,6,20,2.065,74.821,3.064,1.000,0.000000,
488.937,STARTED,514,1,1,14,7.192,83.656,4.445,1.000,0.000000,observed_rate=0.000
489.000,ARRIVED,5380,0,8,10,2.541,603.358,5.601,1.000,0.000000,
489.000,ARRIVED,5381,1,2,18,3.143,545.621,3.458,1.000,0.000000,
489.000,ARRIVED,5382,2,1,8,1.941,535.119,7.266,2.228,0.000000,
489.000,ARRIVED,5383,2,8,20,3.634,600.408,2.430,1.000,0.000000,
489.000,ARRIVED,5384,3,8,15,2.057,577.263,2.345,1.000,0.000000,
489.000,ARRIVED,5385,3,10,5,5.500,573.110,3.101,1.000,0.000000,
489.000,ARRIVED,5386,3,4,5,7.392,514.497,4.148,1.000,0.000000,
489.000,ARRIVED,5387,4,4,17,6.074,566.125,4.110,1.000,0.000000,
489.000,ARRIVED,5388,4,4,3,6.561,575.515,3.624,1.000,0.000000,
489.000,ARRIVED,5389,4,4,4,2.217,605.848,4.179,1.000,0.000000,
489.000,ARRIVED,5390,4,4,18,2.363,604.574,6.615,1.000,0.000000,
489.000,ARRIVED,5391,4,2,8,8.426,544.438,5.796,1.000,0.000000,
489.000,ARRIVED,5392,4,7,16,8.316,576.321,2.261,2.487,0.000000,
489.000,ARRIVED,5393,4,9,3,3.115,596.577,3.799,1.000,0.000000,
489.667,FINISHED,443,4,4,11,4.150,159.405,6.221,1.000,0.000000,
489.667,STARTED,444,4,8,18,8.269,149.286,2.673,2.525,0.000000,observed_rate=7.000
489.667,OFFLOADED,454,4,8,9,3.315,147.551,7.493,1.000,0.000000,trigger=REACTIVE;observed_rate=7.000;smoothed_rate=3.945;predicted_queue=1765.000;deadline_risk=false;decision_score=0.000000;offload_count=1;destination_node=-1;destination_policy=DROP
489.667,OFFLOADED,455,4,8,2,7.082,75.778,7.860,1.525,0.000000,trigger=REACTIVE;observed_rate=7.000;smoothed_rate=3.945;predicted_queue=1765.000;deadline_risk=false;decision_score=0.000000;offload_count=1;destination_node=-1;destination_policy=DROP
489.667,OFFLOADED,456,4,4,19,9.127,62.688,4.532,1.000,0.000000,trigger=REACTIVE;observed_rate=7.000;smoothed_rate=3.945;predicted_queue=1765.000;deadline_risk=false;decision_score=0.000000;offload_count=1;destination_node=-1;destination_policy=DROP
489.667,OFFLOADED,457,4,7,13,3.693,96.342,7.164,1.000,0.000000,trigger=REACTIVE;observed_rate=7.000;smoothed_rate=3.945;predicted_queue=1765.000;deadline_risk=false;decision_score=0.000000;offload_count=1;destination_node=-1;destination_policy=DROP
489.667,OFFLOADED,458,4,7,7,9.531,123.081,7.623,1.000,0.000000,trigger=REACTIVE;observed_rate=7.000;smoothed_rate=3.945;predicted_queue=1765.000;deadline_risk=false;decision_score=0.000000;offload_count=1;destination_node=-1;destination_policy=DROP
490.000,ARRIVED,5394,0,9,17,8.048,547.743,5.713,1.953,0.000000,
490.000,ARRIVED,5395,2,10,2,4.056,585.346,3.811,1.000,0.000000,
490.000,ARRIVED,5396,2,2,10,9.087,539.099,3.255,1.000,0.000000,
490.000,ARRIVED,5397,2,10,19,9.390,597.457,2.469,1.000,0.000000,
490.000,ARRIVED,5398,2,9,15,3.846,510.906,6.928,1.000,0.000000,
490.000,ARRIVED,5399,2,9,11,1.169,596.783,3.142,1.000,0.000000,
490.000,ARRIVED,5400,3,10,16,4.889,526.915,2.145,1.000,0.000000,
490.000,ARRIVED,5401,3,8,1,4.186,540.967,7.003,1.587,0.000000,
490.000,ARRIVED,5402,4,10,17,6.762,579.185,6.936,2.205,0.000000,
490.000,ARRIVED,5403,4,7,17,8.098,530.277,5.833,1.000,0.000000,
490.000,ARRIVED,5404,4,1,16,1.704,554.452,2.965,1.000,0.000000,
490.000,ARRIVED,5405,4,6,20,9.029,549.460,6.642,1.000,0.000000,
490.000,ARRIVED,5406,4,10,14,4.837,532.923,7.643,1.000,0.000000,
490.179,FINISHED,498,3,1,14,8.443,147.987,6.724,1.000,0.000000,
490.179,STARTED,505,3,9,3,2.678,157.215,5.975,1.000,0.000000,observed_rate=2.000
491.000,ARRIVED,5407,1,6,12,4.853,530.215,6.772,1.000,0.000000,
491.000,ARRIVED,5408,1,3,1,2.978,537.912,7.871,1.000,0.000000,
491.000,ARRIVED,5409,1,3,8,9.616,574.157,5.302,1.000,0.000000,
491.000,ARRIVED,5410,1,8,8,1.331,577.430,4.728,1.000,0.000000,
491.000,ARRIVED,5411,3,9,7,1.076,552.779,4.706,2.225,0.000000,
491.000,ARRIVED,5412,3,7,18,3.708,513.309,4.920,1.000,0.000000,
491.000,ARRIVED,5413,3,2,4,8.445,596.785,5.143,1.000,0.000000,
491.000,ARRIVED,5414,4,8,2,9.427,550.450,6.162,1.000,0.000000,
491.000,ARRIVED,5415,4,10,20,5.066,515.595,4.714,1.000,0.000000,
491.000,ARRIVED,5416,4,5,11,3.541,543.357,3.702,1.000,0.000000,
492.000,ARRIVED,5417,0,2,2,1.648,538.806,4.216,1.000,0.000000,
492.000,ARRIVED,5418,0,5,2,4.380,551.520,7.302,1.000,0.000000,
492.000,ARRIVED,5419,0,1,2,1.028,542.299,6.839,1.000,0.000000,
492.000,ARRIVED,5420,1,2,13,2.649,603.226,5.460,1.000,0.000000,
492.000,ARRIVED,5421,1,2,20,4.016,527.500,4.256,1.000,0.000000,
492.000,ARRIVED,5422,1,5,1,3.918,527.101,6.646,1.000,0.000000,
492.000,ARRIVED,5423,1,8,15,7.737,512.811,4.615,1.000,0.000000,
492.000,ARRIVED,5424,2,6,10,7.075,590.697,2.793,1.638,0.000000,
492.000,ARRIVED,5425,2,7,3,4.485,604.065,6.288,1.000,0.000000,
492.000,ARRIVED,5426,2,9,10,1.430,542.621,6.349,1.861,0.000000,
492.000,ARRIVED,5427,2,1,17,4.750,592.526,2.626,1.000,0.000000,
492.000,ARRIVED,5428,2,3,1,2.298,597.995,2.867,1.000,0.000000,
492.000,ARRIVED,5429,3,5,10,6.847,559.103,5.653,1.000,0.000000,
492.000,ARRIVED,5430,4,3,9,8.866,517.920,3.010,1.000,0.000000,
492.000,ARRIVED,5431,4,8,4,3.683,524.812,2.563,1.000,0.000000,
492.000,ARRIVED,5432,4,10,16,3.464,598.373,4.930,2.089,0.000000,
493.000,ARRIVED,5433,0,10,5,4.641,592.474,7.717,1.000,0.000000,
493.000,ARRIVED,5434,2,1,20,5.893,546.664,7.431,1.000,0.000000,
493.000,ARRIVED,5435,2,4,2,6.143,605.786,5.667,1.000,0.000000,
493.000,ARRIVED,5436,3,1,2,4.565,534.860,6.522,1.000,0.000000,
493.000,ARRIVED,5437,3,9,16,7.668,533.740,3.408,1.000,0.000000,
493.000,ARRIVED,5438,3,2,19,8.051,535.795,4.181,1.000,0.000000,
493.000,ARRIVED,5439,3,9,1,1.036,609.758,3.268,1.000,0.000000,
493.000,ARRIVED,5440,3,2,7,9.461,548.427,6.230,2.162,0.000000,
493.000,ARRIVED,5441,4,1,15,1.665,530.622,3.340,1.000,0.000000,
493.000,ARRIVED,5442,4,3,9,1.805,544.535,2.549,2.158,0.000000,
493.382,FINISHED,514,1,1,14,7.192,83.656,4.445,1.000,0.000000,
493.382,STARTED,515,1,10,13,9.406,163.966,4.598,1.000,0.000000,observed_rate=0.000
494.000,ARRIVED,5443,0,1,11,7.247,567.761,2.601,1.000,0.000000,
494.000,ARRIVED,5444,0,9,12,9.745,555.530,4.490,1.504,0.000000,
494.000,ARRIVED,5445,2,7,2,2.532,564.968,2.193,1.000,0.000000,
494.000,ARRIVED,5446,2,7,9,1.395,563.818,2.632,1.000,0.000000,
494.000,ARRIVED,5447,2,3,4,3.356,569.146,3.964,1.000,0.000000,
494.000,ARRIVED,5448,2,4,11,5.431,569.865,4.969,1.000,0.000000,
494.000,ARRIVED,5449,3,1,6,1.635,531.783,2.804,1.000,0.000000,
494.000,ARRIVED,5450,3,8,17,2.653,533.971,6.691,1.000,0.000000,
494.000,ARRIVED,5451,4,1,13,6.321,585.028,6.841,1.000,0.000000,
494.000,ARRIVED,5452,4,9,19,9.975,540.166,7.525,2.277,0.000000,
494.000,ARRIVED,5453,4,10,11,9.000,611.832,3.719,2.442,0.000000,
494.940,FINISHED,617,2,3,4,7.300,138.462,7.975,1.000,0.000000,
494.940,STARTED,630,2,10,15,1.123,163.990,7.337,1.000,0.000000,observed_rate=4.000
495.000,ARRIVED,5454,1,5,4,6.193,576.639,7.485,2.748,0.000000,
495.000,ARRIVED,5455,2,8,7,3.459,561.160,7.113,1.000,0.000000,
495.000,ARRIVED,5456,3,10,18,2.610,542.929,5.622,1.000,0.000000,
495.000,ARRIVED,5457,3,1,11,1.469,591.887,2.263,2.622,0.000000,
495.000,ARRIVED,5458,3,6,15,5.784,575.325,5.464,1.000,0.000000,
495.000,ARRIVED,5459,3,1,10,4.616,557.700,7.648,1.000,0.000000,
495.000,ARRIVED,5460,4,10,16,1.575,539.948,3.029,1.000,0.000000,
495.000,ARRIVED,5461,4,4,17,3.723,573.110,2.782,1.000,0.000000,
496.000,ARRIVED,5462,1,10,9,9.876,573.125,3.189,1.000,0.000000,
496.000,ARRIVED,5463,2,1,14,3.916,557.549,4.789,2.783,0.000000,
496.000,ARRIVED,5464,2,4,17,2.203,609.510,2.110,2.465,0.000000,
496.000,ARRIVED,5465,3,10,14,9.291,516.632,2.619,1.000,0.000000,
496.000,ARRIVED,5466,3,8,17,7.595,603.409,3.574,1.000,0.000000,
496.000,ARRIVED,5467,3,3,11,3.884,580.201,7.604,2.345,0.000000,
496.000,ARRIVED,5468,4,4,16,5.613,600.204,4.579,2.254,0.000000,
496.000,ARRIVED,5469,4,1,14,2.795,534.309,7.351,1.000,0.000000,
496.000,ARRIVED,5470,4,9,9,8.765,594.666,6.679,1.000,0.000000,
496.000,ARRIVED,5471,4,7,11,8.684,547.403,4.098,1.000,0.000000,
496.000,ARRIVED,5472,4,4,5,7.381,588.019,7.793,1.000,0.000000,
496.000,ARRIVED,5473,4,2,5,7.779,578.539,4.103,1.000,0.000000,
496.000,ARRIVED,5474,4,6,2,8.193,581.936,7.385,1.000,0.000000,
496.154,FINISHED,505,3,9,3,2.678,157.215,5.975,1.000,0.000000,
496.154,STARTED,506,3,5,19,6.039,132.235,4.409,1.000,0.000000,observed_rate=3.000
496.226,FINISHED,1343,0,6,7,2.946,183.969,4.720,1.893,0.000000,
496.226,STARTED,1344,0,9,4,8.898,201.063,7.540,1.000,0.000000,observed_rate=0.000
496.415,FINISHED,444,4,8,18,8.269,149.286,2.673,2.525,0.000000,
496.415,STARTED,459,4,5,14,4.298,159.747,4.970,1.000,0.000000,observed_rate=7.000
497.000,ARRIVED,5475,1,2,8,4.008,532.729,7.303,1.000,0.000000,
497.000,ARRIVED,5476,1,2,15,5.276,613.412,4.437,1.630,0.000000,
497.000,ARRIVED,5477,1,5,6,2.016,614.698,5.386,1.000,0.000000,
497.000,ARRIVED,5478,2,5,10,2.905,571.122,4.924,2.785,0.000000,
497.000,ARRIVED,5479,2,8,13,4.137,569.262,5.990,1.000,0.000000,
497.000,ARRIVED,5480,3,5,8,6.421,547.961,7.128,1.754,0.000000,
497.000,ARRIVED,5481,4,7,18,4.516,527.265,3.356,1.982,0.000000,
497.000,ARRIVED,5482,4,9,13,4.275,541.877,5.576,2.685,0.000000,
497.000,ARRIVED,5483,4,10,8,1.668,596.448,7.137,2.715,0.000000,
497.000,ARRIVED,5484,4,8,7,1.140,557.519,5.914,1.000,0.000000,
497.000,ARRIVED,5485,4,2,5,1.831,611.829,2.553,1.000,0.000000,
497.000,ARRIVED,5486,4,3,17,9.797,611.544,7.301,1.000,0.000000,
497.000,ARRIVED,5487,4,9,5,5.327,612.358,7.437,1.000,0.000000,
497.000,ARRIVED,5488,4,10,19,5.781,535.340,3.149,2.738,0.000000,
497.980,FINISHED,515,1,10,13,9.406,163.966,4.598,1.000,0.000000,
497.980,STARTED,538,1,6,5,7.761,70.075,3.131,1.000,0.000000,observed_rate=3.000
498.000,ARRIVED,5489,1,3,14,7.126,545.037,5.546,1.000,0.000000,
498.000,ARRIVED,5490,1,1,20,1.705,595.194,7.708,1.000,0.000000,
498.000,ARRIVED,5491,3,6,11,9.084,593.465,4.531,1.000,0.000000,
498.000,ARRIVED,5492,3,2,8,5.310,593.598,2.247,1.851,0.000000,
498.000,ARRIVED,5493,3,3,15,8.083,521.129,4.526,1.000,0.000000,
498.000,ARRIVED,5494,3,5,8,8.099,536.688,7.161,1.000,0.000000,
498.000,ARRIVED,5495,3,7,19,4.767,589.420,5.642,1.000,0.000000,
498.000,ARRIVED,5496,3,1,20,1.316,524.340,6.203,1.000,0.000000,
498.000,ARRIVED,5497,4,1,4,3.870,560.943,2.760,2.466,0.000000,
498.000,ARRIVED,5498,4,4,19,2.001,598.932,6.171,2.757,0.000000,
498.000,ARRIVED,5499,4,9,13,5.566,599.575,4.166,1.000,0.000000,
498.000,ARRIVED,5500,4,7,5,6.430,594.363,4.038,1.000,0.000000,
498.000,ARRIVED,5501,4,5,10,6.814,539.670,5.009,1.000,0.000000,
499.000,ARRIVED,5502,1,10,20,7.102,569.266,7.137,1.000,0.000000,
499.000,ARRIVED,5503,1,8,5,8.390,616.354,3.786,1.000,0.000000,
499.000,ARRIVED,5504,2,5,3,6.265,596.589,4.802,1.000,0.000000,
499.000,ARRIVED,5505,3,9,14,2.507,570.003,5.828,1.000,0.000000,
499.000,ARRIVED,5506,4,1,17,6.302,533.760,6.789,1.000,0.000000,
499.000,ARRIVED,5507,4,8,5,5.260,535.096,7.635,1.000,0.000000,
499.000,ARRIVED,5508,4,1,15,9.866,615.290,6.879,1.000,0.000000,
499.000,ARRIVED,5509,4,8,20,1.179,562.956,3.695,1.000,0.000000,
499.000,ARRIVED,5510,4,7,20,2.258,599.377,2.220,1.000,0.000000,
500.000,ARRIVED,5511,0,1,12,9.127,614.834,5.287,1.000,0.000000,
500.000,ARRIVED,5512,1,1,13,1.432,538.245,6.102,2.149,0.000000,
500.000,ARRIVED,5513,3,8,20,1.335,549.059,2.633,2.942,0.000000,
500.000,ARRIVED,5514,3,1,6,4.713,571.548,3.963,1.000,0.000000,
500.000,ARRIVED,5515,3,3,16,5.673,541.708,4.339,2.630,0.000000,
500.000,ARRIVED,5516,4,1,14,5.643,593.864,6.158,1.000,0.000000,
500.000,ARRIVED,5517,4,10,14,8.571,597.560,7.739,2.199,0.000000,
500.000,ARRIVED,5518,4,4,5,8.925,605.006,6.240,1.000,0.000000,
500.563,FINISHED,506,3,5,19,6.039,132.235,4.409,1.000,0.000000,
500.563,STARTED,507,3,10,6,3.949,146.583,7.859,2.590,0.000000,observed_rate=3.000
500.563,OFFLOADED,508,3,6,20,1.468,157.267,7.029,1.000,0.000000,trigger=REACTIVE;observed_rate=3.000;smoothed_rate=2.840;predicted_queue=1303.000;deadline_risk=false;decision_score=0.000000;offload_count=1;destination_node=-1;destination_policy=DROP
500.563,OFFLOADED,509,3,10,15,2.175,76.232,2.579,1.000,0.000000,trigger=REACTIVE;observed_rate=3.000;smoothed_rate=2.840;predicted_queue=1303.000;deadline_risk=false;decision_score=0.000000;offload_count=1;destination_node=-1;destination_policy=DROP
500.563,OFFLOADED,510,3,2,1,6.830,122.641,5.705,1.000,0.000000,trigger=REACTIVE;observed_rate=3.000;smoothed_rate=2.840;predicted_queue=1303.000;deadline_risk=false;decision_score=0.000000;offload_count=1;destination_node=-1;destination_policy=DROP
500.563,OFFLOADED,520,3,9,16,2.147,96.499,6.716,1.000,0.000000,trigger=REACTIVE;observed_rate=3.000;smoothed_rate=2.840;predicted_queue=1303.000;deadline_risk=false;decision_score=0.000000;offload_count=1;destination_node=-1;destination_policy=DROP
500.563,OFFLOADED,521,3,7,3,2.881,142.422,7.821,1.000,0.000000,trigger=REACTIVE;observed_rate=3.000;smoothed_rate=2.840;predicted_queue=1303.000;deadline_risk=false;decision_score=0.000000;offload_count=1;destination_node=-1;destination_policy=DROP
501.000,ARRIVED,5519,1,10,3,8.387,581.415,7.360,1.000,0.000000,
501.000,ARRIVED,5520,1,2,10,9.309,605.098,6.345,1.000,0.000000,
501.000,ARRIVED,5521,1,5,16,2.094,614.316,3.566,1.000,0.000000,
501.000,ARRIVED,5522,2,1,5,3.212,524.992,6.135,1.000,0.000000,
501.000,ARRIVED,5523,2,4,16,5.736,581.836,7.559,1.000,0.000000,
501.000,ARRIVED,5524,2,4,10,1.970,555.927,7.713,1.000,0.000000,
501.000,ARRIVED,5525,3,10,1,6.076,619.245,3.567,1.000,0.000000,
501.000,ARRIVED,5526,3,3,20,2.915,564.803,6.679,1.000,0.000000,
501.000,ARRIVED,5527,3,8,3,3.440,564.485,3.333,1.000,0.000000,
501.000,ARRIVED,5528,3,9,19,7.877,583.718,4.061,1.000,0.000000,
501.000,ARRIVED,5529,3,5,14,3.048,561.336,2.444,1.000,0.000000,
501.000,ARRIVED,5530,3,9,10,5.061,619.090,4.787,1.000,0.000000,
501.000,ARRIVED,5531,4,3,1,2.122,617.458,5.169,1.000,0.000000,
501.111,FINISHED,538,1,6,5,7.761,70.075,3.131,1.000,0.000000,
501.111,STARTED,539,1,5,16,9.666,163.893,7.505,1.000,0.000000,observed_rate=3.000
501.385,FINISHED,459,4,5,14,4.298,159.747,4.970,1.000,0.000000,
501.385,STARTED,460,4,8,13,3.977,86.779,3.056,1.000,0.000000,observed_rate=1.000
502.000,ARRIVED,5532,0,10,17,2.263,617.416,7.762,2.332,0.000000,
502.000,ARRIVED,5533,0,9,8,2.441,563.418,6.842,2.401,0.000000,
502.000,ARRIVED,5534,0,2,18,5.143,616.570,5.614,1.000,0.000000,
502.000,ARRIVED,5535,0,10,16,9.849,538.355,3.259,1.000,0.000000,
502.000,ARRIVED,5536,2,1,3,5.740,588.436,7.370,2.042,0.000000,
502.000,ARRIVED,5537,2,4,11,2.411,535.304,4.186,1.000,0.000000,
502.000,ARRIVED,5538,2,6,14,8.270,606.790,3.053,2.602,0.000000,
502.000,ARRIVED,5539,3,7,16,7.739,569.864,5.283,2.092,0.000000,
502.000,ARRIVED,5540,3,8,13,1.140,577.089,3.890,1.762,0.000000,
502.000,ARRIVED,5541,4,8,5,3.661,554.732,4.064,1.000,0.000000,
502.000,ARRIVED,5542,4,3,18,7.369,565.527,2.188,1.000,0.000000,
502.000,ARRIVED,5543,4,6,12,7.928,576.857,3.659,1.000,0.000000,
502.000,ARRIVED,5544,4,1,20,2.423,559.393,7.256,2.909,0.000000,
502.000,ARRIVED,5545,4,6,11,2.321,591.852,6.931,1.000,0.000000,
502.277,FINISHED,630,2,10,15,1.123,163.990,7.337,1.000,0.000000,
502.277,STARTED,631,2,1,20,6.720,98.931,2.225,1.000,0.000000,observed_rate=3.000
503.000,ARRIVED,5546,0,3,13,1.616,602.362,4.823,1.000,0.000000,
503.000,ARRIVED,5547,2,7,12,6.656,558.545,6.702,1.000,0.000000,
503.000,ARRIVED,5548,3,4,1,8.817,571.092,3.507,1.000,0.000000,
503.000,ARRIVED,5549,3,10,10,9.254,581.252,3.749,1.000,0.000000,
503.000,ARRIVED,5550,3,5,9,2.611,545.561,4.391,1.000,0.000000,
503.000,ARRIVED,5551,3,9,20,9.787,552.894,5.308,2.866,0.000000,
503.000,ARRIVED,5552,4,10,12,2.141,584.361,4.122,1.000,0.000000,
503.000,ARRIVED,5553,4,2,1,6.405,597.778,6.599,1.000,0.000000,
503.000,ARRIVED,5554,4,10,14,3.073,581.989,5.371,1.000,0.000000,
503.000,ARRIVED,5555,4,3,17,1.761,526.472,7.728,1.000,0.000000,
503.000,ARRIVED,5556,4,5,19,2.261,570.605,5.753,1.000,0.000000,
503.000,ARRIVED,5557,4,7,4,7.976,557.721,4.627,1.000,0.000000,
503.000,ARRIVED,5558,4,2,1,7.340,537.424,6.174,1.000,0.000000,
503.766,FINISHED,1344,0,9,4,8.898,201.063,7.540,1.000,0.000000,
503.766,STARTED,1345,0,1,12,2.043,160.779,4.729,1.000,0.000000,observed_rate=1.000
504.000,ARRIVED,5559,1,3,3,2.726,531.389,6.280,1.872,0.000000,
504.000,ARRIVED,5560,1,8,19,6.843,547.609,6.321,1.000,0.000000,
504.000,ARRIVED,5561,1,4,3,7.306,565.210,2.687,1.000,0.000000,
504.000,ARRIVED,5562,2,8,4,9.938,559.823,4.161,1.000,0.000000,
504.000,ARRIVED,5563,2,7,9,7.690,569.170,7.127,1.000,0.000000,
504.000,ARRIVED,5564,2,7,2,6.532,525.661,3.344,1.000,0.000000,
504.000,ARRIVED,5565,3,2,13,1.300,525.293,3.174,1.000,0.000000,
504.000,ARRIVED,5566,3,5,6,2.886,603.233,5.646,1.000,0.000000,
504.000,ARRIVED,5567,3,1,10,8.865,593.643,3.834,1.826,0.000000,
504.000,ARRIVED,5568,3,4,3,8.376,535.754,6.649,1.000,0.000000,
504.000,ARRIVED,5569,4,6,3,6.348,550.700,5.015,1.000,0.000000,
504.000,ARRIVED,5570,4,2,16,7.762,530.717,5.766,1.953,0.000000,
504.000,ARRIVED,5571,4,7,15,4.550,562.581,5.300,1.000,0.000000,
504.441,FINISHED,460,4,8,13,3.977,86.779,3.056,1.000,0.000000,
504.441,STARTED,467,4,3,15,7.352,85.648,5.117,1.000,0.000000,observed_rate=3.000
504.502,FINISHED,631,2,1,20,6.720,98.931,2.225,1.000,0.000000,
504.502,STARTED,632,2,7,16,7.216,130.000,2.432,1.000,0.000000,observed_rate=3.000
505.000,ARRIVED,5572,1,1,17,1.157,595.420,2.226,2.003,0.000000,
505.000,ARRIVED,5573,2,10,19,9.064,567.553,5.901,1.000,0.000000,
505.000,ARRIVED,5574,2,4,19,8.929,537.038,6.624,1.000,0.000000,
505.000,ARRIVED,5575,3,10,7,5.838,574.746,6.984,1.000,0.000000,
505.000,ARRIVED,5576,4,4,5,8.131,598.557,3.929,1.000,0.000000,
506.000,ARRIVED,5577,0,6,6,6.441,550.606,2.486,1.000,0.000000,
506.000,ARRIVED,5578,1,5,15,4.274,603.405,5.572,1.000,0.000000,
506.000,ARRIVED,5579,1,4,10,6.160,576.806,6.122,1.000,0.000000,
506.000,ARRIVED,5580,2,5,16,1.231,599.495,2.188,1.000,0.000000,
506.000,ARRIVED,5581,2,8,17,1.856,541.322,6.676,1.000,0.000000,
506.000,ARRIVED,5582,3,1,7,2.048,562.222,7.872,1.000,0.000000,
506.000,ARRIVED,5583,3,8,8,1.645,581.355,2.284,1.000,0.000000,
506.000,ARRIVED,5584,3,6,8,6.789,593.205,3.113,1.000,0.000000,
506.000,ARRIVED,5585,4,8,3,1.101,551.069,7.103,1.000,0.000000,
506.000,ARRIVED,5586,4,5,2,7.722,602.081,2.909,1.000,0.000000,
506.000,ARRIVED,5587,4,5,6,5.869,565.838,6.708,1.000,0.000000,
506.000,ARRIVED,5588,4,6,17,2.227,622.955,3.428,1.000,0.000000,
506.933,FINISHED,632,2,7,16,7.216,130.000,2.432,1.000,0.000000,
506.933,STARTED,633,2,6,15,7.848,132.431,6.858,1.000,0.000000,observed_rate=2.000
507.000,ARRIVED,5589,0,5,15,7.238,620.129,2.698,1.000,0.000000,
507.000,ARRIVED,5590,0,9,16,4.323,619.852,6.687,1.714,0.000000,
507.000,ARRIVED,5591,1,8,9,6.590,575.855,3.354,1.612,0.000000,
507.000,ARRIVED,5592,1,2,6,3.688,609.891,2.584,1.000,0.000000,
507.000,ARRIVED,5593,1,4,19,8.244,559.443,3.453,1.000,0.000000,
507.000,ARRIVED,5594,2,4,3,1.951,611.701,5.175,2.861,0.000000,
507.000,ARRIVED,5595,2,3,9,3.959,536.427,4.370,2.138,0.000000,
507.000,ARRIVED,5596,3,9,12,3.337,576.266,5.222,1.000,0.000000,
507.000,ARRIVED,5597,3,9,11,7.980,577.688,6.790,1.000,0.000000,
507.000,ARRIVED,5598,4,8,11,6.978,583.110,2.345,1.000,0.000000,
507.000,ARRIVED,5599,4,10,7,3.523,547.836,7.196,1.000,0.000000,
507.000,ARRIVED,5600,4,10,2,4.717,584.969,6.843,1.000,0.000000,
507.000,ARRIVED,5601,4,4,1,2.523,570.606,2.264,1.839,0.000000,
508.000,ARRIVED,5602,1,2,12,1.226,606.610,3.255,1.000,0.000000,
508.000,ARRIVED,5603,1,4,3,5.578,578.716,6.553,1.000,0.000000,
508.000,ARRIVED,5604,1,10,19,1.395,551.772,5.720,1.000,0.000000,
508.000,ARRIVED,5605,2,7,14,7.635,532.434,7.215,1.000,0.000000,
508.000,ARRIVED,5606,2,1,2,1.556,591.928,3.308,2.046,0.000000,
508.000,ARRIVED,5607,2,10,20,9.240,603.789,7.196,1.000,0.000000,
508.000,ARRIVED,5608,2,9,12,1.414,577.450,5.217,1.000,0.000000,
508.000,ARRIVED,5609,2,5,5,8.772,587.721,6.341,1.000,0.000000,
508.000,ARRIVED,5610,3,5,2,6.480,550.917,3.129,1.000,0.000000,
508.000,ARRIVED,5611,3,1,10,4.133,626.757,6.752,1.000,0.000000,
508.000,ARRIVED,5612,3,9,11,6.890,608.631,2.537,1.000,0.000000,
508.000,ARRIVED,5613,3,2,15,5.320,607.986,4.680,1.000,0.000000,
508.000,ARRIVED,5614,4,1,15,4.593,605.539,6.162,1.000,0.000000,
508.000,ARRIVED,5615,4,8,9,5.208,539.113,7.153,1.000,0.000000,
508.000,ARRIVED,5616,4,10,7,8.833,619.909,7.901,1.000,0.000000,
508.000,ARRIVED,5617,4,1,5,5.901,583.853,4.788,1.000,0.000000,
508.495,FINISHED,1345,0,1,12,2.043,160.779,4.729,1.000,0.000000,
508.495,STARTED,1393,0,6,9,1.805,184.193,2.329,1.000,0.000000,observed_rate=0.000
508.616,FINISHED,539,1,5,16,9.666,163.893,7.505,1.000,0.000000,
508.616,STARTED,540,1,7,12,5.339,131.423,6.039,1.000,0.000000,observed_rate=3.000
509.000,ARRIVED,5618,1,4,12,5.012,534.444,4.697,1.000,0.000000,
509.000,ARRIVED,5619,2,9,6,7.665,588.084,3.075,2.319,0.000000,
509.000,ARRIVED,5620,3,3,17,1.186,579.951,3.133,2.732,0.000000,
509.000,ARRIVED,5621,3,7,15,9.301,530.188,2.136,1.000,0.000000,
509.000,ARRIVED,5622,4,9,7,6.396,536.621,7.516,1.000,0.000000,
509.000,ARRIVED,5623,4,9,20,4.267,562.869,7.594,1.000,0.000000,
509.558,FINISHED,467,4,3,15,7.352,85.648,5.117,1.000,0.000000,
509.558,STARTED,468,4,6,19,1.399,100.960,6.642,1.000,0.000000,observed_rate=2.000
510.000,ARRIVED,5624,1,8,11,6.970,626.229,6.659,2.853,0.000000,
510.000,ARRIVED,5625,1,9,16,1.793,576.352,2.595,1.000,0.000000,
510.000,ARRIVED,5626,1,3,16,5.804,537.567,7.017,1.000,0.000000,
510.000,ARRIVED,5627,1,7,17,8.822,536.393,6.785,1.000,0.000000,
510.000,ARRIVED,5628,3,9,16,3.817,546.200,4.979,2.526,0.000000,
510.000,ARRIVED,5629,3,6,16,3.840,559.620,6.496,1.000,0.000000,
510.824,FINISHED,1393,0,6,9,1.805,184.193,2.329,1.000,0.000000,
510.824,STARTED,1435,0,10,5,7.381,181.467,6.192,1.000,0.000000,observed_rate=0.000
511.000,ARRIVED,5630,0,7,4,2.594,538.886,5.315,1.000,0.000000,
511.000,ARRIVED,5631,1,7,7,6.257,540.436,7.739,1.000,0.000000,
511.000,ARRIVED,5632,1,8,3,8.236,586.179,3.947,1.000,0.000000,
511.000,ARRIVED,5633,3,3,11,6.371,622.461,7.964,1.000,0.000000,
511.000,ARRIVED,5634,3,1,2,7.174,586.524,2.581,1.000,0.000000,
511.000,ARRIVED,5635,3,4,12,2.024,614.123,2.724,1.000,0.000000,
511.000,ARRIVED,5636,3,5,19,9.147,565.141,5.750,1.000,0.000000,
511.000,ARRIVED,5637,4,4,10,4.418,586.489,7.303,2.107,0.000000,
511.000,ARRIVED,5638,4,6,18,5.869,612.204,5.265,1.000,0.000000,
511.000,ARRIVED,5639,4,3,2,4.625,582.336,6.543,1.000,0.000000,
511.000,ARRIVED,5640,4,9,17,8.999,567.989,4.930,1.000,0.000000,
511.000,ARRIVED,5641,4,7,13,8.272,609.945,5.396,1.000,0.000000,
512.000,ARRIVED,5642,0,5,14,8.490,622.219,7.264,1.000,0.000000,
512.000,ARRIVED,5643,0,9,6,9.812,627.709,7.620,1.580,0.000000,
512.000,ARRIVED,5644,0,7,12,9.478,564.200,3.348,1.000,0.000000,
512.000,ARRIVED,5645,1,4,13,1.459,534.156,3.702,1.000,0.000000,
512.000,ARRIVED,5646,2,7,19,4.347,533.653,7.159,1.000,0.000000,
512.000,ARRIVED,5647,3,1,18,2.664,623.278,7.819,1.000,0.000000,
512.000,ARRIVED,5648,3,8,19,3.834,551.391,4.668,1.000,0.000000,
512.000,ARRIVED,5649,3,2,16,3.599,627.075,6.005,1.000,0.000000,
512.000,ARRIVED,5650,3,5,20,8.295,533.755,2.163,1.000,0.000000,
512.000,ARRIVED,5651,4,3,8,3.049,624.361,6.119,1.000,0.000000,
512.000,ARRIVED,5652,4,5,9,3.656,552.828,4.003,1.000,0.000000,
513.000,ARRIVED,5653,0,7,13,1.344,564.980,3.502,1.000,0.000000,
513.000,ARRIVED,5654,0,5,11,5.043,548.999,2.477,1.000,0.000000,
513.000,ARRIVED,5655,1,1,1,7.378,589.564,7.116,2.722,0.000000,
513.000,ARRIVED,5656,1,5,7,2.137,553.287,3.524,1.000,0.000000,
513.000,ARRIVED,5657,2,3,1,6.147,556.378,7.994,1.000,0.000000,
513.000,ARRIVED,5658,2,4,10,9.275,627.983,2.070,1.000,0.000000,
513.000,ARRIVED,5659,2,6,20,4.387,545.812,4.708,1.000,0.000000,
513.000,ARRIVED,5660,2,9,7,2.481,564.099,7.766,1.000,0.000000,
513.000,ARRIVED,5661,3,8,16,9.287,544.903,7.018,2.544,0.000000,
513.000,ARRIVED,5662,3,8,2,6.729,582.094,5.050,1.000,0.000000,
513.000,ARRIVED,5663,4,4,15,4.918,594.753,3.067,1.000,0.000000,
513.000,ARRIVED,5664,4,3,2,6.996,534.233,3.372,2.053,0.000000,
513.000,ARRIVED,5665,4,5,14,9.789,627.182,2.734,1.000,0.000000,
513.791,FINISHED,633,2,6,15,7.848,132.431,6.858,1.000,0.000000,
513.791,STARTED,653,2,5,17,3.107,169.841,5.407,1.000,0.000000,observed_rate=4.000
514.000,ARRIVED,5666,0,2,5,9.717,618.367,4.981,1.922,0.000000,
514.000,ARRIVED,5667,1,9,8,1.432,601.939,4.498,1.553,0.000000,
514.000,ARRIVED,5668,2,10,7,5.026,557.369,6.770,1.000,0.000000,
514.000,ARRIVED,5669,2,5,4,8.460,620.924,2.440,1.000,0.000000,
514.000,ARRIVED,5670,3,9,12,2.884,538.446,2.348,1.000,0.000000,
514.000,ARRIVED,5671,4,7,20,2.335,551.867,7.577,1.000,0.000000,
514.656,FINISHED,540,1,7,12,5.339,131.423,6.039,1.000,0.000000,
514.656,STARTED,549,1,10,1,4.221,71.576,2.302,1.000,0.000000,observed_rate=1.000
515.000,ARRIVED,5672,1,1,9,3.260,573.929,3.814,1.000,0.000000,
515.000,ARRIVED,5673,2,10,20,1.639,575.171,4.331,1.000,0.000000,
515.000,ARRIVED,5674,4,4,19,3.496,604.373,7.986,2.807,0.000000,
515.000,ARRIVED,5675,4,10,6,4.966,623.309,4.647,1.000,0.000000,
515.000,ARRIVED,5676,4,9,2,5.570,602.037,2.399,1.000,0.000000,
516.000,ARRIVED,5677,1,3,3,2.243,589.429,5.109,2.413,0.000000,
516.000,ARRIVED,5678,1,3,19,7.504,580.024,2.679,1.000,0.000000,
516.000,ARRIVED,5679,1,2,11,6.802,635.612,4.325,1.000,0.000000,
516.000,ARRIVED,5680,2,6,8,5.571,541.199,4.345,1.000,0.000000,
516.000,ARRIVED,5681,2,10,6,1.539,635.400,6.055,1.000,0.000000,
516.000,ARRIVED,5682,3,9,3,6.402,608.556,7.349,1.000,0.000000,
516.000,ARRIVED,5683,3,9,19,8.924,600.992,4.944,1.000,0.000000,
516.000,ARRIVED,5684,4,6,1,9.207,538.795,7.728,1.000,0.000000,
516.000,ARRIVED,5685,4,5,2,3.380,590.145,7.269,2.744,0.000000,
516.000,ARRIVED,5686,4,10,16,1.015,577.515,3.617,1.803,0.000000,
516.000,ARRIVED,5687,4,3,5,2.426,631.244,4.735,2.853,0.000000,
516.200,FINISHED,468,4,6,19,1.399,100.960,6.642,1.000,0.000000,
516.200,STARTED,469,4,6,9,3.522,146.250,5.300,1.000,0.000000,observed_rate=4.000
516.957,FINISHED,549,1,10,1,4.221,71.576,2.302,1.000,0.000000,
516.957,STARTED,567,1,4,18,4.201,95.151,4.405,2.701,0.000000,observed_rate=3.000
516.957,OFFLOADED,578,1,6,8,2.639,157.001,4.397,1.000,0.000000,trigger=REACTIVE;observed_rate=3.000;smoothed_rate=1.935;predicted_queue=650.000;deadline_risk=false;decision_score=0.000000;offload_count=1;destination_node=-1;destination_policy=DROP
516.957,OFFLOADED,579,1,2,17,1.524,150.745,2.712,1.000,0.000000,trigger=REACTIVE;observed_rate=3.000;smoothed_rate=1.935;predicted_queue=650.000;deadline_risk=false;decision_score=0.000000;offload_count=1;destination_node=-1;destination_policy=DROP
516.957,OFFLOADED,580,1,9,2,3.894,159.359,6.512,2.061,0.000000,trigger=REACTIVE;observed_rate=3.000;smoothed_rate=1.935;predicted_queue=650.000;deadline_risk=false;decision_score=0.000000;offload_count=1;destination_node=-1;destination_policy=DROP
516.957,OFFLOADED,614,1,2,16,5.251,141.927,5.456,2.795,0.000000,trigger=REACTIVE;observed_rate=3.000;smoothed_rate=1.935;predicted_queue=650.000;deadline_risk=false;decision_score=0.000000;offload_count=1;destination_node=-1;destination_policy=DROP
516.957,OFFLOADED,615,1,4,19,8.367,153.569,7.166,1.000,0.000000,trigger=REACTIVE;observed_rate=3.000;smoothed_rate=1.935;predicted_queue=650.000;deadline_risk=false;decision_score=0.000000;offload_count=1;destination_node=-1;destination_policy=DROP
517.000,ARRIVED,5688,0,10,3,4.931,609.799,5.403,1.000,0.000000,
517.000,ARRIVED,5689,1,9,2,5.567,608.875,5.523,1.000,0.000000,
517.000,ARRIVED,5690,2,3,5,9.313,569.186,7.611,1.000,0.000000,
517.000,ARRIVED,5691,2,6,1,1.747,563.216,6.957,2.709,0.000000,
517.000,ARRIVED,5692,2,7,20,7.471,599.959,3.798,1.000,0.000000,
517.000,ARRIVED,5693,3,1,1,8.978,572.303,5.905,1.000,0.000000,
517.000,ARRIVED,5694,3,7,4,7.134,544.811,3.793,1.776,0.000000,
517.000,ARRIVED,5695,3,8,9,5.299,590.261,5.343,1.000,0.000000,
517.000,ARRIVED,5696,4,10,20,9.164,573.958,3.744,1.000,0.000000,
517.000,ARRIVED,5697,4,3,15,7.400,569.421,4.960,2.220,0.000000,
517.000,ARRIVED,5698,4,9,15,9.745,627.736,5.543,2.092,0.000000,
517.000,ARRIVED,5699,4,2,11,8.216,556.576,4.194,1.000,0.000000,
517.000,ARRIVED,5700,4,3,3,3.468,609.857,2.728,1.000,0.000000,
517.015,FINISHED,1435,0,10,5,7.381,181.467,6.192,1.000,0.000000,
517.015,STARTED,1469,0,7,6,9.321,157.997,7.810,1.000,0.000000,observed_rate=1.000
518.000,ARRIVED,5701,0,5,20,9.340,632.422,2.160,1.000,0.000000,
518.000,ARRIVED,5702,1,1,12,2.236,543.706,6.292,1.000,0.000000,
518.000,ARRIVED,5703,1,1,6,1.485,560.377,5.523,2.591,0.000000,
518.000,ARRIVED,5704,2,8,10,5.970,622.955,3.418,1.000,0.000000,
518.000,ARRIVED,5705,2,10,2,2.859,580.691,5.924,2.571,0.000000,
518.000,ARRIVED,5706,2,6,19,2.291,542.859,7.678,1.000,0.000000,
518.000,ARRIVED,5707,3,9,15,6.131,561.155,3.541,1.000,0.000000,
518.000,ARRIVED,5708,3,2,4,3.629,567.554,4.553,1.000,0.000000,
518.000,ARRIVED,5709,4,3,20,6.041,580.231,3.599,1.000,0.000000,
518.000,ARRIVED,5710,4,10,7,8.986,553.338,2.900,1.000,0.000000,
519.000,ARRIVED,5711,1,9,11,7.647,586.491,6.970,1.000,0.000000,
519.000,ARRIVED,5712,2,8,11,5.286,613.334,7.120,1.000,0.000000,
519.000,ARRIVED,5713,2,7,6,9.362,566.675,2.536,2.318,0.000000,
519.000,ARRIVED,5714,2,1,5,5.602,579.417,6.935,1.000,0.000000,
519.000,ARRIVED,5715,2,6,8,6.454,582.140,2.740,1.000,0.000000,
519.000,ARRIVED,5716,3,8,17,2.653,572.738,5.411,2.053,0.000000,
519.000,ARRIVED,5717,3,5,6,4.751,610.297,3.183,1.000,0.000000,
519.000,ARRIVED,5718,3,10,17,8.879,549.851,3.987,2.408,0.000000,
519.000,ARRIVED,5719,3,8,1,4.237,631.747,6.645,1.000,0.000000,
519.000,ARRIVED,5720,3,7,4,9.447,600.920,6.838,2.491,0.000000,
519.000,ARRIVED,5721,3,2,1,2.430,578.024,5.821,1.000,0.000000,
519.000,ARRIVED,5722,3,7,19,4.857,550.923,2.111,1.777,0.000000,
519.000,ARRIVED,5723,4,5,16,4.524,551.901,6.329,1.000,0.000000,
519.000,ARRIVED,5724,4,3,15,7.585,560.585,3.086,2.777,0.000000,
519.000,ARRIVED,5725,4,7,12,3.021,594.072,2.148,1.000,0.000000,
519.000,ARRIVED,5726,4,1,20,3.213,545.798,7.890,1.000,0.000000,
519.198,FINISHED,653,2,5,17,3.107,169.841,5.407,1.000,0.000000,
519.198,STARTED,669,2,7,18,4.385,111.869,7.431,2.873,0.000000,observed_rate=4.000
519.198,OFFLOADED,670,2,5,20,8.205,179.965,4.807,1.000,0.000000,trigger=REACTIVE;observed_rate=4.000;smoothed_rate=2.882;predicted_queue=969.000;deadline_risk=false;decision_score=0.000000;offload_count=1;destination_node=-1;destination_policy=DROP
519.198,OFFLOADED,671,2,9,5,3.234,169.641,6.734,1.000,0.000000,trigger=REACTIVE;observed_rate=4.000;smoothed_rate=2.882;predicted_queue=969.000;deadline_risk=false;decision_score=0.000000;offload_count=1;destination_node=-1;destination_policy=DROP
519.198,OFFLOADED,681,2,9,18,1.195,103.888,6.911,1.000,0.000000,trigger=REACTIVE;observed_rate=4.000;smoothed_rate=2.882;predicted_queue=969.000;deadline_risk=false;decision_score=0.000000;offload_count=1;destination_node=-1;destination_policy=DROP
519.198,OFFLOADED,682,2,7,19,3.274,139.243,3.259,1.000,0.000000,trigger=REACTIVE;observed_rate=4.000;smoothed_rate=2.882;predicted_queue=969.000;deadline_risk=false;decision_score=0.000000;offload_count=1;destination_node=-1;destination_policy=DROP
519.198,OFFLOADED,690,2,5,9,9.454,146.435,2.201,1.000,0.000000,trigger=REACTIVE;observed_rate=4.000;smoothed_rate=2.882;predicted_queue=969.000;deadline_risk=false;decision_score=0.000000;offload_count=1;destination_node=-1;destination_policy=DROP
520.000,ARRIVED,5727,0,6,8,1.097,605.687,7.026,2.383,0.000000,
520.000,ARRIVED,5728,2,3,3,8.550,581.710,3.563,2.120,0.000000,
520.000,ARRIVED,5729,2,7,16,6.634,553.223,4.450,1.000,0.000000,
520.000,ARRIVED,5730,2,7,1,7.988,561.099,2.774,1.000,0.000000,
520.000,ARRIVED,5731,3,7,12,3.591,543.158,7.840,1.000,0.000000,
520.000,ARRIVED,5732,4,9,17,1.774,610.887,7.960,1.000,0.000000,
520.000,ARRIVED,5733,4,7,4,3.748,544.726,3.595,1.000,0.000000,
520.000,ARRIVED,5734,4,3,17,4.190,551.405,3.125,1.000,0.000000,
520.917,FINISHED,507,3,10,6,3.949,146.583,7.859,2.590,0.000000,
520.917,STARTED,522,3,2,5,3.561,131.662,2.226,1.000,0.000000,observed_rate=1.000
521.000,ARRIVED,5735,2,10,8,5.699,563.500,4.508,1.000,0.000000,
521.000,ARRIVED,5736,2,6,1,6.304,617.131,6.316,2.821,0.000000,
521.000,ARRIVED,5737,2,9,7,2.255,546.855,7.230,1.000,0.000000,
521.000,ARRIVED,5738,3,5,18,2.138,545.330,4.496,1.000,0.000000,
521.000,ARRIVED,5739,3,1,8,9.800,556.494,2.726,1.000,0.000000,
521.000,ARRIVED,5740,4,2,1,1.625,560.786,7.910,1.000,0.000000,
521.000,ARRIVED,5741,4,4,11,6.177,607.780,3.701,1.000,0.000000,
521.000,ARRIVED,5742,4,1,16,9.017,624.305,2.338,1.000,0.000000,
521.000,ARRIVED,5743,4,2,18,2.584,573.459,2.166,1.000,0.000000,
521.000,ARRIVED,5744,4,9,5,5.766,631.438,2.497,1.000,0.000000,
521.000,ARRIVED,5745,4,10,11,4.693,547.835,7.610,1.521,0.000000,
521.500,FINISHED,469,4,6,9,3.522,146.250,5.300,1.000,0.000000,
521.500,STARTED,470,4,6,20,6.092,72.109,4.768,2.586,0.000000,observed_rate=6.000
521.500,OFFLOADED,471,4,2,3,2.275,120.651,7.763,1.000,0.000000,trigger=REACTIVE;observed_rate=6.000;smoothed_rate=4.079;predicted_queue=1869.000;deadline_risk=false;decision_score=0.000000;offload_count=1;destination_node=-1;destination_policy=DROP
521.500,OFFLOADED,472,4,2,12,1.602,126.295,7.579,2.630,0.000000,trigger=REACTIVE;observed_rate=6.000;smoothed_rate=4.079;predicted_queue=1869.000;deadline_risk=false;decision_score=0.000000;offload_count=1;destination_node=-1;destination_policy=DROP
521.500,OFFLOADED,473,4,9,17,9.518,127.104,7.429,1.000,0.000000,trigger=REACTIVE;observed_rate=6.000;smoothed_rate=4.079;predicted_queue=1869.000;deadline_risk=false;decision_score=0.000000;offload_count=1;destination_node=-1;destination_policy=DROP
521.500,OFFLOADED,474,4,8,3,6.615,82.075,2.600,1.839,0.000000,trigger=REACTIVE;observed_rate=6.000;smoothed_rate=4.079;predicted_queue=1869.000;deadline_risk=false;decision_score=0.000000;offload_count=1;destination_node=-1;destination_policy=DROP
521.500,OFFLOADED,475,4,1,12,9.823,87.181,5.195,1.000,0.000000,trigger=REACTIVE;observed_rate=6.000;smoothed_rate=4.079;predicted_queue=1869.000;deadline_risk=false;decision_score=0.000000;offload_count=1;destination_node=-1;destination_policy=DROP
522.000,ARRIVED,5746,0,6,14,2.377,579.535,5.227,1.653,0.000000,
522.000,ARRIVED,5747,0,3,16,8.635,543.597,3.937,2.987,0.000000,
522.000,ARRIVED,5748,2,4,7,8.701,593.311,2.850,1.000,0.000000,
522.000,ARRIVED,5749,2,6,8,6.891,631.360,7.125,1.000,0.000000,
522.000,ARRIVED,5750,3,10,17,7.499,640.964,7.355,1.000,0.000000,
522.000,ARRIVED,5751,4,9,3,2.912,547.572,7.953,1.000,0.000000,
522.000,ARRIVED,5752,4,5,7,7.443,582.540,7.859,1.000,0.000000,
523.000,ARRIVED,5753,2,8,8,4.703,627.931,3.781,2.762,0.000000,
523.000,ARRIVED,5754,3,1,14,3.434,585.688,7.486,1.000,0.000000,
523.000,ARRIVED,5755,3,7,18,4.425,564.478,7.382,1.000,0.000000,
523.000,ARRIVED,5756,3,4,5,4.008,624.454,6.500,1.000,0.000000,
523.000,ARRIVED,5757,4,9,13,5.770,631.752,6.339,2.186,0.000000,
523.000,ARRIVED,5758,4,5,20,2.236,612.503,6.318,1.000,0.000000,
523.143,FINISHED,522,3,2,5,3.561,131.662,2.226,1.000,0.000000,
523.143,STARTED,523,3,2,3,3.276,71.189,4.766,1.000,0.000000,observed_rate=3.000
524.000,ARRIVED,5759,0,6,7,2.512,600.361,4.262,1.000,0.000000,
524.000,ARRIVED,5760,1,10,3,7.563,576.218,2.752,2.938,0.000000,
524.000,ARRIVED,5761,2,7,2,9.200,573.942,4.827,1.000,0.000000,
524.000,ARRIVED,5762,2,8,3,7.701,622.208,7.102,1.000,0.000000,
524.000,ARRIVED,5763,2,6,1,4.553,566.644,3.416,2.552,0.000000,
524.000,ARRIVED,5764,2,9,8,3.023,601.921,6.206,1.000,0.000000,
524.000,ARRIVED,5765,2,1,4,5.275,550.251,3.180,1.000,0.000000,
524.000,ARRIVED,5766,3,5,1,1.107,619.409,6.409,1.000,0.000000,
524.000,ARRIVED,5767,4,9,20,8.437,624.417,7.400,1.000,0.000000,
524.000,ARRIVED,5768,4,3,18,8.108,611.081,2.096,1.000,0.000000,
524.826,FINISHED,1469,0,7,6,9.321,157.997,7.810,1.000,0.000000,
524.826,STARTED,1470,0,8,13,4.065,209.721,7.640,1.000,0.000000,observed_rate=1.000
525.000,ARRIVED,5769,1,4,18,5.251,623.138,7.479,1.000,0.000000,
525.000,ARRIVED,5770,2,9,3,5.009,605.336,3.578,1.000,0.000000,
525.000,ARRIVED,5771,3,9,15,8.111,627.846,3.001,1.000,0.000000,
525.000,ARRIVED,5772,3,7,14,6.926,558.524,4.251,1.000,0.000000,
525.000,ARRIVED,5773,3,10,10,4.427,602.313,3.869,1.000,0.000000,
525.000,ARRIVED,5774,3,7,4,4.886,561.189,2.940,1.000,0.000000,
525.000,ARRIVED,5775,4,9,12,8.473,580.023,2.442,2.995,0.000000,
525.000,ARRIVED,5776,4,10,5,1.486,601.640,7.640,1.000,0.000000,
525.000,ARRIVED,5777,4,8,10,7.092,636.106,5.615,1.000,0.000000,
526.000,ARRIVED,5778,2,4,5,7.298,607.381,2.099,1.000,0.000000,
526.000,ARRIVED,5779,2,8,3,7.379,627.395,3.274,2.567,0.000000,
526.000,ARRIVED,5780,2,7,2,8.238,564.841,6.071,1.000,0.000000,
526.000,ARRIVED,5781,2,7,7,9.309,561.917,4.414,1.000,0.000000,
526.000,ARRIVED,5782,3,9,4,8.372,630.466,3.657,1.000,0.000000,
526.000,ARRIVED,5783,3,2,20,1.325,574.037,4.333,1.000,0.000000,
526.000,ARRIVED,5784,4,2,11,9.774,584.129,7.022,1.000,0.000000,
526.000,ARRIVED,5785,4,3,11,2.153,628.286,7.972,1.000,0.000000,
526.000,ARRIVED,5786,4,1,8,2.793,642.463,5.739,1.000,0.000000,
527.000,ARRIVED,5787,0,2,20,7.594,632.562,7.342,1.000,0.000000,
527.000,ARRIVED,5788,1,10,1,8.912,613.775,2.122,1.000,0.000000,
527.000,ARRIVED,5789,1,1,7,6.983,634.660,7.302,1.000,0.000000,
527.000,ARRIVED,5790,2,9,10,9.110,581.814,3.483,1.719,0.000000,
527.000,ARRIVED,5791,2,8,4,8.899,619.898,6.435,1.000,0.000000,
527.000,ARRIVED,5792,2,1,15,4.460,552.119,4.947,2.275,0.000000,
527.000,ARRIVED,5793,3,2,12,8.759,582.342,4.216,1.000,0.000000,
527.000,ARRIVED,5794,3,6,7,6.496,555.118,6.961,2.878,0.000000,
527.000,ARRIVED,5795,3,8,14,5.516,587.172,4.856,1.989,0.000000,
527.000,ARRIVED,5796,3,7,14,3.383,597.073,2.291,1.000,0.000000,
527.000,ARRIVED,5797,3,5,5,3.549,582.944,6.536,1.000,0.000000,
527.000,ARRIVED,5798,4,9,7,6.261,552.091,7.817,2.582,0.000000,
527.000,ARRIVED,5799,4,5,13,8.973,553.971,3.219,2.357,0.000000,
527.000,ARRIVED,5800,4,1,16,5.486,611.717,6.052,1.000,0.000000,
527.909,FINISHED,523,3,2,3,3.276,71.189,4.766,1.000,0.000000,
527.909,STARTED,531,3,10,20,9.245,129.295,5.717,1.000,0.000000,observed_rate=5.000
528.000,ARRIVED,5801,0,8,15,4.947,554.453,3.853,1.000,0.000000,
528.000,ARRIVED,5802,2,8,12,1.064,628.189,7.618,1.000,0.000000,
528.000,ARRIVED,5803,2,10,14,1.568,550.412,3.207,2.752,0.000000,
528.000,ARRIVED,5804,3,4,8,7.248,615.069,5.730,1.000,0.000000,
528.000,ARRIVED,5805,3,9,1,4.688,634.411,7.700,1.000,0.000000,
528.000,ARRIVED,5806,3,9,16,9.832,630.137,2.528,1.000,0.000000,
528.000,ARRIVED,5807,3,7,6,7.027,551.990,5.677,1.000,0.000000,
528.000,ARRIVED,5808,4,7,12,5.418,640.207,2.203,1.000,0.000000,
528.000,ARRIVED,5809,4,10,18,3.518,621.146,3.236,1.000,0.000000,
528.858,FINISHED,567,1,4,18,4.201,95.151,4.405,2.701,0.000000,
528.858,STARTED,629,1,9,2,3.852,168.185,3.431,1.000,0.000000,observed_rate=0.000
529.000,ARRIVED,5810,1,5,15,8.147,601.645,5.164,1.562,0.000000,
529.000,ARRIVED,5811,1,7,12,1.759,633.099,3.747,1.000,0.000000,
529.000,ARRIVED,5812,2,5,16,4.202,571.641,2.883,1.936,0.000000,
529.000,ARRIVED,5813,3,1,5,6.477,626.559,7.875,1.000,0.000000,
529.000,ARRIVED,5814,3,9,14,4.688,600.039,7.155,1.000,0.000000,
529.000,ARRIVED,5815,3,2,11,6.794,560.430,4.151,2.103,0.000000,
529.000,ARRIVED,5816,3,1,6,6.448,550.588,5.191,1.000,0.000000,
529.000,ARRIVED,5817,3,3,6,5.487,624.973,3.324,1.000,0.000000,
529.000,ARRIVED,5818,4,10,4,2.631,565.380,2.244,1.000,0.000000,
529.000,ARRIVED,5819,4,10,2,4.177,611.858,5.022,1.000,0.000000,
529.000,ARRIVED,5820,4,4,5,7.972,557.295,7.148,1.000,0.000000,
529.000,ARRIVED,5821,4,3,12,5.395,553.875,5.531,1.000,0.000000,
529.000,ARRIVED,5822,4,10,5,6.479,573.464,4.412,1.000,0.000000,
529.000,ARRIVED,5823,4,3,15,6.575,619.952,5.963,1.871,0.000000,
530.000,ARRIVED,5824,0,6,13,2.178,648.081,7.048,1.000,0.000000,
530.000,ARRIVED,5825,1,8,4,1.746,622.648,4.341,1.000,0.000000,
530.000,ARRIVED,5826,1,7,6,7.412,642.680,7.053,1.000,0.000000,
530.000,ARRIVED,5827,2,10,2,4.691,583.054,6.540,1.000,0.000000,
530.000,ARRIVED,5828,2,8,7,7.318,573.157,3.704,1.000,0.000000,
530.000,ARRIVED,5829,3,10,14,6.064,612.866,2.809,1.000,0.000000,
530.000,ARRIVED,5830,3,5,2,7.993,570.454,7.843,1.000,0.000000,
530.000,ARRIVED,5831,4,7,16,3.283,609.129,7.692,1.733,0.000000,
530.000,ARRIVED,5832,4,7,5,9.799,639.642,2.390,1.000,0.000000,
530.000,ARRIVED,5833,4,10,2,9.383,616.783,6.598,2.718,0.000000,
530.000,ARRIVED,5834,4,7,17,9.887,606.951,6.366,1.000,0.000000,
531.000,ARRIVED,5835,0,9,16,2.950,587.573,4.404,1.000,0.000000,
531.000,ARRIVED,5836,0,1,14,8.042,630.737,7.314,1.000,0.000000,
531.000,ARRIVED,5837,0,1,2,9.388,569.460,3.579,1.647,0.000000,
531.000,ARRIVED,5838,1,8,20,6.490,592.872,3.976,1.000,0.000000,
531.000,ARRIVED,5839,2,1,18,3.372,628.455,5.453,1.000,0.000000,
531.000,ARRIVED,5840,3,9,13,2.541,574.634,6.997,1.000,0.000000,
531.000,ARRIVED,5841,3,5,2,1.837,631.970,7.703,1.000,0.000000,
531.000,ARRIVED,5842,3,5,5,1.771,636.396,4.076,1.000,0.000000,
531.000,ARRIVED,5843,3,8,10,2.920,634.250,7.134,1.000,0.000000,
531.000,ARRIVED,5844,3,6,7,7.252,554.223,3.213,1.000,0.000000,
531.000,ARRIVED,5845,4,10,18,3.106,646.606,6.385,1.000,0.000000,
531.000,ARRIVED,5846,4,4,13,7.880,599.930,5.547,2.918,0.000000,
532.000,ARRIVED,5847,1,3,17,5.007,631.300,6.779,1.000,0.000000,
532.000,ARRIVED,5848,2,9,17,8.954,591.828,3.707,1.000,0.000000,
532.000,ARRIVED,5849,2,5,20,6.260,559.887,5.973,1.773,0.000000,
532.000,ARRIVED,5850,3,1,9,2.133,587.519,5.860,1.000,0.000000,
532.000,ARRIVED,5851,3,5,18,7.950,562.599,4.628,1.000,0.000000,
532.000,ARRIVED,5852,3,3,18,6.399,613.770,6.730,1.000,0.000000,
532.000,ARRIVED,5853,3,8,18,5.913,642.637,7.505,2.067,0.000000,
532.000,ARRIVED,5854,4,8,4,6.177,597.188,3.109,1.000,0.000000,
532.000,ARRIVED,5855,4,8,8,2.731,571.909,6.589,2.396,0.000000,
532.000,ARRIVED,5856,4,5,3,2.311,582.540,5.991,1.921,0.000000,
532.000,ARRIVED,5857,4,5,11,4.211,566.228,3.826,1.000,0.000000,
532.000,ARRIVED,5858,4,7,18,2.233,581.529,3.760,1.000,0.000000,
532.289,FINISHED,629,1,9,2,3.852,168.185,3.431,1.000,0.000000,
532.289,STARTED,641,1,5,11,9.729,79.671,7.141,1.000,0.000000,observed_rate=1.000
532.466,FINISHED,1470,0,8,13,4.065,209.721,7.640,1.000,0.000000,
532.466,STARTED,1471,0,8,7,9.822,175.176,2.387,1.000,0.000000,observed_rate=0.000
533.000,ARRIVED,5859,0,5,15,3.645,622.738,7.041,2.601,0.000000,
533.000,ARRIVED,5860,1,5,11,4.057,619.023,4.979,1.000,0.000000,
533.000,ARRIVED,5861,2,4,17,1.170,646.543,7.615,1.000,0.000000,
533.000,ARRIVED,5862,2,8,1,1.360,642.912,3.186,1.000,0.000000,
533.000,ARRIVED,5863,2,7,15,6.158,586.504,7.183,1.000,0.000000,
533.000,ARRIVED,5864,3,5,6,8.433,578.968,4.938,1.000,0.000000,
533.000,ARRIVED,5865,3,10,5,5.756,629.080,3.565,2.343,0.000000,
533.000,ARRIVED,5866,3,3,5,6.747,631.399,6.029,1.000,0.000000,
533.000,ARRIVED,5867,3,2,4,7.101,586.327,7.235,1.000,0.000000,
533.000,ARRIVED,5868,4,4,9,1.816,564.517,2.463,1.000,0.000000,
533.000,ARRIVED,5869,4,7,6,8.591,579.419,2.815,1.000,0.000000,
533.000,ARRIVED,5870,4,3,12,4.302,609.719,7.784,1.000,0.000000,
533.000,ARRIVED,5871,4,1,7,8.692,576.239,5.335,1.000,0.000000,
533.000,ARRIVED,5872,4,9,12,6.421,583.762,5.994,1.000,0.000000,
533.626,FINISHED,531,3,10,20,9.245,129.295,5.717,1.000,0.000000,
533.626,STARTED,544,3,10,8,8.618,83.879,2.162,1.000,0.000000,observed_rate=4.000
533.829,FINISHED,470,4,6,20,6.092,72.109,4.768,2.586,0.000000,
533.829,STARTED,487,4,3,1,3.689,64.785,7.300,1.000,0.000000,observed_rate=5.000
534.000,ARRIVED,5873,2,2,8,2.555,573.230,2.516,1.000,0.000000,
534.000,ARRIVED,5874,2,7,7,8.907,653.238,4.576,2.107,0.000000,
534.000,ARRIVED,5875,2,5,6,1.386,589.802,2.071,1.000,0.000000,
534.000,ARRIVED,5876,2,3,18,3.646,624.114,3.488,1.000,0.000000,
534.000,ARRIVED,5877,3,1,13,8.867,629.053,2.055,1.000,0.000000,
534.000,ARRIVED,5878,3,6,17,5.981,592.681,4.906,1.000,0.000000,
534.000,ARRIVED,5879,3,6,19,4.907,599.640,6.982,2.950,0.000000,
534.000,ARRIVED,5880,3,3,4,1.647,624.312,6.875,1.771,0.000000,
534.000,ARRIVED,5881,4,8,19,8.040,566.691,4.539,1.000,0.000000,
534.000,ARRIVED,5882,4,9,12,8.405,586.380,3.911,1.979,0.000000,
534.853,FINISHED,1471,0,8,7,9.822,175.176,2.387,1.000,0.000000,
534.853,STARTED,1513,0,3,12,5.362,237.912,7.494,1.000,0.000000,observed_rate=0.000
535.000,ARRIVED,5883,1,7,16,2.809,595.746,2.685,1.000,0.000000,
535.000,ARRIVED,5884,4,9,6,4.458,568.849,4.045,1.000,0.000000,
535.000,ARRIVED,5885,4,8,9,6.069,628.358,4.087,1.000,0.000000,
535.000,ARRIVED,5886,4,5,4,5.724,592.086,3.239,1.000,0.000000,
535.000,ARRIVED,5887,4,10,8,8.430,583.630,4.691,1.000,0.000000,
535.000,ARRIVED,5888,4,1,2,4.658,560.333,4.535,1.000,0.000000,
535.000,ARRIVED,5889,4,3,11,9.969,648.808,5.077,1.000,0.000000,
535.788,FINISHED,544,3,10,8,8.618,83.879,2.162,1.000,0.000000,
535.788,STARTED,545,3,5,16,1.921,134.245,4.086,1.000,0.000000,observed_rate=0.000
536.000,ARRIVED,5890,1,2,11,8.006,634.875,4.306,1.000,0.000000,
536.000,ARRIVED,5891,1,5,5,5.080,655.663,2.796,2.205,0.000000,
536.000,ARRIVED,5892,2,1,11,1.382,620.937,4.077,1.000,0.000000,
536.000,ARRIVED,5893,2,1,8,5.467,591.976,6.356,1.000,0.000000,
536.000,ARRIVED,5894,3,9,13,6.993,637.437,6.736,1.631,0.000000,
536.000,ARRIVED,5895,3,4,11,1.690,607.853,6.302,1.000,0.000000,
536.000,ARRIVED,5896,3,10,9,8.676,584.260,3.163,1.000,0.000000,
536.000,ARRIVED,5897,3,8,8,6.807,646.431,5.206,1.000,0.000000,
536.000,ARRIVED,5898,4,5,10,7.348,584.501,4.054,1.000,0.000000,
536.000,ARRIVED,5899,4,3,6,3.464,616.268,3.810,1.000,0.000000,
536.000,ARRIVED,5900,4,10,10,6.202,626.430,4.357,1.000,0.000000,
536.000,ARRIVED,5901,4,8,9,2.522,601.345,3.364,1.000,0.000000,
536.000,ARRIVED,5902,4,8,16,4.018,581.801,4.128,1.000,0.000000,
536.000,ARRIVED,5903,4,10,8,6.204,567.427,4.086,2.108,0.000000,
537.000,ARRIVED,5904,0,9,10,6.147,564.619,4.426,1.000,0.000000,
537.000,ARRIVED,5905,0,9,11,1.154,591.437,3.365,2.012,0.000000,
537.000,ARRIVED,5906,0,8,4,1.724,557.232,5.641,1.000,0.000000,
537.000,ARRIVED,5907,1,9,20,4.848,598.725,6.244,2.448,0.000000,
537.000,ARRIVED,5908,1,7,2,6.238,626.611,3.802,1.000,0.000000,
537.000,ARRIVED,5909,2,5,10,6.212,637.073,5.397,1.000,0.000000,
537.000,ARRIVED,5910,2,6,10,4.876,641.730,3.366,1.000,0.000000,
537.000,ARRIVED,5911,3,6,5,9.285,599.825,4.602,1.000,0.000000,
537.000,ARRIVED,5912,3,10,15,4.360,624.841,4.572,2.996,0.000000,
537.000,ARRIVED,5913,3,1,20,6.764,596.157,3.130,1.000,0.000000,
537.000,ARRIVED,5914,3,5,12,1.922,655.888,6.291,2.292,0.000000,
537.000,ARRIVED,5915,3,5,17,9.283,623.520,5.582,1.000,0.000000,
537.000,ARRIVED,5916,4,3,10,9.469,590.447,6.365,1.000,0.000000,
537.000,ARRIVED,5917,4,4,20,1.466,610.060,3.898,1.000,0.000000,
538.000,ARRIVED,5918,0,6,6,6.753,590.537,3.025,1.000,0.000000,
538.000,ARRIVED,5919,1,9,9,7.163,598.842,4.977,1.000,0.000000,
538.000,ARRIVED,5920,2,10,8,1.356,651.736,6.150,1.000,0.000000,
538.000,ARRIVED,5921,2,6,19,5.855,564.153,2.875,1.000,0.000000,
538.000,ARRIVED,5922,3,3,1,9.247,596.667,7.725,1.000,0.000000,
538.000,ARRIVED,5923,3,5,5,5.277,602.340,4.356,1.000,0.000000,
538.000,ARRIVED,5924,4,9,15,4.539,622.017,4.960,1.000,0.000000,
538.000,ARRIVED,5925,4,8,9,1.541,651.895,7.168,1.000,0.000000,
538.000,ARRIVED,5926,4,2,5,2.336,575.108,3.429,1.000,0.000000,
538.000,ARRIVED,5927,4,2,8,8.567,605.115,6.846,1.000,0.000000,
539.000,ARRIVED,5928,0,3,3,3.977,561.149,5.266,1.825,0.000000,
539.000,ARRIVED,5929,0,4,13,7.209,565.972,4.782,1.000,0.000000,
539.000,ARRIVED,5930,1,9,11,1.807,591.176,3.509,2.032,0.000000,
539.000,ARRIVED,5931,2,7,5,2.612,641.409,5.687,1.000,0.000000,
539.000,ARRIVED,5932,3,1,14,6.648,653.172,7.510,1.000,0.000000,
539.000,ARRIVED,5933,4,5,17,3.560,630.942,3.586,1.000,0.000000,
539.429,FINISHED,641,1,5,11,9.729,79.671,7.141,1.000,0.000000,
539.429,STARTED,642,1,8,6,6.515,161.395,4.799,1.000,0.000000,observed_rate=1.000
539.875,FINISHED,545,3,5,16,1.921,134.245,4.086,1.000,0.000000,
539.875,STARTED,552,3,6,2,8.227,151.118,6.982,1.000,0.000000,observed_rate=1.000
540.000,ARRIVED,5934,0,1,3,2.833,578.910,3.674,1.000,0.000000,
540.000,ARRIVED,5935,0,8,5,3.333,612.975,2.933,1.000,0.000000,
540.000,ARRIVED,5936,1,1,12,6.371,596.843,4.088,1.000,0.000000,
540.000,ARRIVED,5937,1,10,20,7.515,617.832,6.318,2.059,0.000000,
540.000,ARRIVED,5938,2,1,9,9.743,641.492,5.128,1.000,0.000000,
540.000,ARRIVED,5939,2,9,14,6.293,629.843,2.329,1.000,0.000000,
540.000,ARRIVED,5940,3,4,10,9.521,574.228,7.055,1.000,0.000000,
540.000,ARRIVED,5941,3,6,14,1.152,623.358,6.503,1.000,0.000000,
540.000,ARRIVED,5942,4,9,19,5.549,656.826,3.513,1.000,0.000000,
540.000,ARRIVED,5943,4,3,18,1.856,562.429,3.149,1.000,0.000000,
540.000,ARRIVED,5944,4,6,9,2.479,646.697,5.099,1.814,0.000000,
540.000,ARRIVED,5945,4,6,4,1.902,635.826,5.607,1.000,0.000000,
540.000,ARRIVED,5946,4,9,14,2.351,635.244,6.960,1.000,0.000000,
540.545,FINISHED,669,2,7,18,4.385,111.869,7.431,2.873,0.000000,
540.545,STARTED,699,2,1,2,5.496,182.902,3.464,1.000,0.000000,observed_rate=2.000
541.000,ARRIVED,5947,0,10,19,7.047,608.444,6.524,1.786,0.000000,
541.000,ARRIVED,5948,1,5,15,3.582,616.219,7.256,1.000,0.000000,
541.000,ARRIVED,5949,1,3,17,2.803,573.974,2.491,1.000,0.000000,
541.000,ARRIVED,5950,2,6,20,7.773,605.532,6.858,2.733,0.000000,
541.000,ARRIVED,5951,2,10,12,4.882,639.429,4.069,1.000,0.000000,
541.000,ARRIVED,5952,2,5,2,6.992,622.838,6.769,2.086,0.000000,
541.000,ARRIVED,5953,3,4,3,7.069,645.674,3.538,1.000,0.000000,
541.000,ARRIVED,5954,3,10,17,1.305,562.906,6.607,1.000,0.000000,
541.000,ARRIVED,5955,3,2,13,2.173,588.512,6.385,1.000,0.000000,
541.000,ARRIVED,5956,3,9,15,7.410,585.756,4.555,1.000,0.000000,
541.000,ARRIVED,5957,3,1,20,9.595,579.086,5.532,1.000,0.000000,
541.000,ARRIVED,5958,4,5,3,4.026,642.036,7.217,1.000,0.000000,
541.000,ARRIVED,5959,4,10,15,3.534,565.221,5.430,1.000,0.000000,
541.000,ARRIVED,5960,4,2,19,6.979,621.509,6.551,1.000,0.000000,
541.000,ARRIVED,5961,4,3,3,9.068,561.124,5.659,1.000,0.000000,
541.000,ARRIVED,5962,4,10,5,1.992,635.115,6.373,2.744,0.000000,
541.000,ARRIVED,5963,4,3,15,1.861,655.562,6.811,1.000,0.000000,
541.130,FINISHED,487,4,3,1,3.689,64.785,7.300,1.000,0.000000,
541.130,STARTED,488,4,7,17,5.956,109.468,7.683,1.000,0.000000,observed_rate=6.000
542.000,ARRIVED,5964,1,2,6,4.313,646.063,5.621,1.000,0.000000,
542.000,ARRIVED,5965,1,8,12,3.048,609.221,4.316,1.584,0.000000,
542.000,ARRIVED,5966,2,10,7,7.107,650.770,6.764,1.000,0.000000,
542.000,ARRIVED,5967,3,2,2,1.095,581.505,3.346,2.498,0.000000,
542.000,ARRIVED,5968,3,6,16,1.891,596.378,4.681,1.000,0.000000,
542.000,ARRIVED,5969,3,1,3,9.508,634.636,3.504,2.677,0.000000,
542.000,ARRIVED,5970,3,5,2,6.593,577.339,7.778,2.980,0.000000,
542.000,ARRIVED,5971,4,7,5,4.798,568.454,4.354,1.646,0.000000,
542.000,ARRIVED,5972,4,10,18,5.281,565.212,3.212,1.000,0.000000,
542.000,ARRIVED,5973,4,7,16,3.588,627.112,3.043,1.000,0.000000,
542.346,FINISHED,1513,0,3,12,5.362,237.912,7.494,1.000,0.000000,
542.346,STARTED,1514,0,8,12,8.710,163.624,2.187,1.000,0.000000,observed_rate=0.000
543.000,ARRIVED,5974,0,2,19,1.261,629.775,5.072,1.000,0.000000,
543.000,ARRIVED,5975,1,4,17,9.745,584.418,4.967,1.000,0.000000,
543.000,ARRIVED,5976,1,4,12,9.159,646.898,3.910,1.000,0.000000,
543.000,ARRIVED,5977,3,3,13,5.386,603.709,3.375,2.851,0.000000,
543.000,ARRIVED,5978,3,4,17,4.818,577.121,3.817,1.000,0.000000,
543.000,ARRIVED,5979,4,9,10,5.844,575.796,7.741,1.788,0.000000,
543.000,ARRIVED,5980,4,9,20,1.301,571.677,7.278,1.000,0.000000,
543.000,ARRIVED,5981,4,2,8,1.183,651.047,2.123,2.218,0.000000,
543.000,ARRIVED,5982,4,2,8,2.860,648.206,4.693,1.000,0.000000,
544.000,ARRIVED,5983,0,5,5,8.572,661.413,4.364,1.000,0.000000,
544.000,ARRIVED,5984,2,7,15,9.333,633.082,3.222,1.000,0.000000,
544.000,ARRIVED,5985,2,5,5,9.709,567.327,5.434,1.000,0.000000,
544.000,ARRIVED,5986,2,3,10,5.552,614.778,2.595,1.000,0.000000,
544.000,ARRIVED,5987,2,10,19,3.557,650.909,5.755,1.000,0.000000,
544.000,ARRIVED,5988,3,10,7,2.347,636.914,4.980,1.651,0.000000,
544.000,ARRIVED,5989,3,6,19,6.441,592.111,5.684,1.000,0.000000,
544.000,ARRIVED,5990,3,2,19,4.969,620.074,3.154,1.000,0.000000,
544.000,ARRIVED,5991,3,1,8,1.246,622.933,7.389,1.000,0.000000,
544.000,ARRIVED,5992,3,6,8,8.830,655.344,3.248,1.000,0.000000,
544.000,ARRIVED,5993,4,4,5,3.823,619.457,3.257,1.000,0.000000,
544.000,ARRIVED,5994,4,5,2,7.684,612.499,2.259,1.000,0.000000,
544.000,ARRIVED,5995,4,7,13,2.851,658.471,6.637,1.629,0.000000,
544.000,ARRIVED,5996,4,10,3,6.266,663.772,2.398,1.000,0.000000,
544.000,ARRIVED,5997,4,1,2,3.119,645.168,3.003,1.000,0.000000,
544.009,FINISHED,699,2,1,2,5.496,182.902,3.464,1.000,0.000000,
544.009,STARTED,700,2,6,18,1.775,109.277,2.705,1.000,0.000000,observed_rate=4.000
544.228,FINISHED,642,1,8,6,6.515,161.395,4.799,1.000,0.000000,
544.228,STARTED,678,1,1,20,2.614,84.324,6.981,2.466,0.000000,observed_rate=0.000
544.533,FINISHED,1514,0,8,12,8.710,163.624,2.187,1.000,0.000000,
544.533,STARTED,1519,0,6,12,7.538,165.106,2.842,1.000,0.000000,observed_rate=1.000
545.000,ARRIVED,5998,1,8,20,9.407,582.343,2.904,1.000,0.000000,
545.000,ARRIVED,5999,1,5,5,9.244,598.967,2.227,1.813,0.000000,
545.000,ARRIVED,6000,3,8,5,1.594,586.811,2.175,1.000,0.000000,
545.000,ARRIVED,6001,3,3,9,9.964,658.313,2.782,1.000,0.000000,
545.000,ARRIVED,6002,4,9,2,7.526,613.007,3.124,1.000,0.000000,
545.000,ARRIVED,6003,4,3,15,2.619,629.199,2.531,1.000,0.000000,
545.000,ARRIVED,6004,4,6,7,7.938,610.092,6.496,1.000,0.000000,
545.000,ARRIVED,6005,4,10,12,2.835,651.444,5.101,1.000,0.000000,
545.000,ARRIVED,6006,4,9,18,9.500,572.130,6.125,1.000,0.000000,
546.000,ARRIVED,6007,0,7,18,2.524,621.305,7.101,2.901,0.000000,
546.000,ARRIVED,6008,0,9,20,6.343,568.676,4.834,1.000,0.000000,
546.000,ARRIVED,6009,1,1,10,4.103,566.100,2.698,1.000,0.000000,
546.000,ARRIVED,6010,1,3,16,6.779,632.124,7.876,1.000,0.000000,
546.000,ARRIVED,6011,2,9,7,8.614,647.645,3.797,1.000,0.000000,
546.000,ARRIVED,6012,2,1,13,5.383,596.879,6.306,1.000,0.000000,
546.000,ARRIVED,6013,2,5,11,3.404,665.583,5.810,1.000,0.000000,
546.000,ARRIVED,6014,3,4,8,2.817,630.850,3.237,1.000,0.000000,
546.000,ARRIVED,6015,3,3,5,3.751,612.877,4.870,1.000,0.000000,
546.000,ARRIVED,6016,3,2,8,6.811,578.475,6.960,2.793,0.000000,
546.714,FINISHED,700,2,6,18,1.775,109.277,2.705,1.000,0.000000,
546.714,STARTED,701,2,8,1,4.591,176.879,4.758,1.000,0.000000,observed_rate=3.000
546.857,FINISHED,552,3,6,2,8.227,151.118,6.982,1.000,0.000000,
546.857,STARTED,553,3,9,16,1.191,161.511,4.354,1.514,0.000000,observed_rate=3.000
546.857,OFFLOADED,554,3,3,5,6.377,158.165,2.750,1.000,0.000000,trigger=REACTIVE;observed_rate=3.000;smoothed_rate=3.080;predicted_queue=1428.000;deadline_risk=false;decision_score=0.000000;offload_count=1;destination_node=-1;destination_policy=DROP
546.857,OFFLOADED,563,3,10,14,1.779,153.067,5.230,1.000,0.000000,trigger=REACTIVE;observed_rate=3.000;smoothed_rate=3.080;predicted_queue=1428.000;deadline_risk=false;decision_score=0.000000;offload_count=1;destination_node=-1;destination_policy=DROP
546.857,OFFLOADED,564,3,4,16,2.170,97.086,3.979,2.345,0.000000,trigger=REACTIVE;observed_rate=3.000;smoothed_rate=3.080;predicted_queue=1428.000;deadline_risk=false;decision_score=0.000000;offload_count=1;destination_node=-1;destination_policy=DROP
546.857,OFFLOADED,570,3,4,19,8.648,100.657,2.564,1.000,0.000000,trigger=REACTIVE;observed_rate=3.000;smoothed_rate=3.080;predicted_queue=1428.000;deadline_risk=false;decision_score=0.000000;offload_count=1;destination_node=-1;destination_policy=DROP
546.857,OFFLOADED,571,3,2,13,7.263,164.271,5.232,1.942,0.000000,trigger=REACTIVE;observed_rate=3.000;smoothed_rate=3.080;predicted_queue=1428.000;deadline_risk=false;decision_score=0.000000;offload_count=1;destination_node=-1;destination_policy=DROP
547.000,ARRIVED,6017,2,2,11,3.239,646.659,5.092,1.761,0.000000,
547.000,ARRIVED,6018,2,9,16,5.994,584.385,2.052,2.438,0.000000,
547.000,ARRIVED,6019,2,5,18,8.103,602.588,2.064,2.754,0.000000,
547.000,ARRIVED,6020,3,1,1,8.180,593.885,2.622,1.000,0.000000,
547.000,ARRIVED,6021,3,8,3,8.044,641.558,2.952,2.691,0.000000,
547.000,ARRIVED,6022,3,6,13,6.221,617.872,6.841,1.000,0.000000,
547.000,ARRIVED,6023,3,10,18,8.740,635.147,4.675,2.706,0.000000,
547.000,ARRIVED,6024,4,7,15,6.613,614.387,4.280,1.675,0.000000,
547.000,ARRIVED,6025,4,8,10,9.084,602.058,4.278,1.000,0.000000,
547.000,ARRIVED,6026,4,5,4,5.911,644.967,2.488,1.000,0.000000,
547.000,ARRIVED,6027,4,8,1,7.434,662.633,6.208,1.000,0.000000,
547.375,FINISHED,1519,0,6,12,7.538,165.106,2.842,1.000,0.000000,
547.375,STARTED,1547,0,2,11,2.074,174.776,4.583,1.000,0.000000,observed_rate=0.000
548.000,ARRIVED,6028,1,10,20,6.756,655.261,6.711,1.000,0.000000,
548.000,ARRIVED,6029,2,2,15,4.524,624.177,5.693,1.000,0.000000,
548.000,ARRIVED,6030,2,2,6,7.577,620.954,3.828,2.348,0.000000,
548.000,ARRIVED,6031,3,9,10,7.206,590.572,7.136,1.000,0.000000,
548.000,ARRIVED,6032,3,1,4,9.308,590.510,5.828,1.000,0.000000,
548.000,ARRIVED,6033,3,1,3,8.893,643.217,2.997,1.000,0.000000,
548.000,ARRIVED,6034,3,10,12,7.064,622.926,7.176,2.838,0.000000,
548.000,ARRIVED,6035,3,8,4,6.814,655.343,4.483,1.693,0.000000,
548.000,ARRIVED,6036,3,4,4,3.341,626.696,6.950,1.000,0.000000,
548.000,ARRIVED,6037,4,6,19,8.670,578.394,6.389,1.848,0.000000,
548.000,ARRIVED,6038,4,3,13,7.054,579.868,5.687,1.000,0.000000,
548.000,ARRIVED,6039,4,9,12,6.892,640.908,2.980,2.770,0.000000,
548.000,ARRIVED,6040,4,2,7,2.884,641.000,5.039,2.605,0.000000,
548.000,ARRIVED,6041,4,4,20,8.315,642.518,7.262,1.000,0.000000,
548.812,FINISHED,488,4,7,17,5.956,109.468,7.683,1.000,0.000000,
548.812,STARTED,489,4,9,7,1.272,106.241,6.448,1.000,0.000000,observed_rate=5.000
549.000,ARRIVED,6042,2,8,10,9.489,615.194,6.031,2.119,0.000000,
549.000,ARRIVED,6043,2,10,2,1.573,576.833,7.697,1.000,0.000000,
549.000,ARRIVED,6044,2,9,17,5.858,575.896,7.290,1.000,0.000000,
549.000,ARRIVED,6045,3,3,10,2.597,614.266,3.189,1.000,0.000000,
549.000,ARRIVED,6046,3,9,16,7.990,637.266,6.213,1.000,0.000000,
549.000,ARRIVED,6047,4,4,19,9.751,581.407,7.874,1.903,0.000000,
549.000,ARRIVED,6048,4,7,7,1.218,655.028,3.937,2.515,0.000000,
549.000,ARRIVED,6049,4,3,19,1.904,610.627,3.378,1.000,0.000000,
549.000,ARRIVED,6050,4,7,20,9.998,637.405,6.509,1.000,0.000000,
549.000,ARRIVED,6051,4,7,20,9.827,634.614,4.128,1.000,0.000000,
549.000,ARRIVED,6052,4,9,1,6.463,573.819,5.429,1.000,0.000000,
550.000,ARRIVED,6053,0,10,6,5.648,635.019,6.668,1.000,0.000000,
550.000,ARRIVED,6054,0,7,5,3.841,660.051,4.928,1.000,0.000000,
550.000,ARRIVED,6055,1,6,5,9.828,595.623,6.431,1.000,0.000000,
550.000,ARRIVED,6056,1,7,20,6.946,603.797,3.635,1.000,0.000000,
550.000,ARRIVED,6057,2,2,4,8.994,586.861,6.530,1.000,0.000000,
550.000,ARRIVED,6058,2,8,2,8.408,651.088,6.192,2.102,0.000000,
550.000,ARRIVED,6059,2,7,3,2.747,616.648,6.471,1.000,0.000000,
550.000,ARRIVED,6060,2,4,7,4.280,644.983,5.301,1.000,0.000000,
550.000,ARRIVED,6061,3,9,11,2.095,624.305,7.832,2.762,0.000000,
550.000,ARRIVED,6062,3,10,20,2.205,596.593,2.358,1.642,0.000000,
550.000,ARRIVED,6063,3,8,5,7.216,668.034,2.155,1.000,0.000000,
550.000,ARRIVED,6064,3,2,16,5.818,633.224,5.915,2.526,0.000000,
550.000,ARRIVED,6065,4,1,8,2.532,647.733,3.617,2.039,0.000000,
550.000,ARRIVED,6066,4,9,18,3.785,640.099,7.975,1.000,0.000000,
550.000,ARRIVED,6067,4,1,14,6.451,597.004,5.357,1.000,0.000000,
550.000,ARRIVED,6068,4,2,10,2.821,571.466,2.113,1.000,0.000000,
550.000,ARRIVED,6069,4,8,2,7.207,595.481,6.719,2.668,0.000000,
550.000,ARRIVED,6070,4,4,9,7.600,644.380,3.094,1.000,0.000000,
550.000,ARRIVED,6071,4,3,10,4.199,659.635,5.572,1.000,0.000000,
550.000,ARRIVED,6072,4,3,14,4.961,655.372,2.810,1.000,0.000000,
551.000,ARRIVED,6073,1,7,5,4.963,622.919,7.619,1.000,0.000000,
551.000,ARRIVED,6074,2,2,10,6.237,591.824,6.534,1.000,0.000000,
551.000,ARRIVED,6075,3,10,3,8.267,592.315,7.808,1.000,0.000000,
551.000,ARRIVED,6076,3,3,15,2.423,576.524,3.358,1.000,0.000000,
551.472,FINISHED,701,2,8,1,4.591,176.879,4.758,1.000,0.000000,
551.472,STARTED,702,2,5,2,8.681,162.221,6.500,1.000,0.000000,observed_rate=1.000
551.958,FINISHED,1547,0,2,11,2.074,174.776,4.583,1.000,0.000000,
551.958,STARTED,1548,0,1,6,7.386,245.016,4.595,1.000,0.000000,observed_rate=0.000
552.000,ARRIVED,6077,2,3,1,9.156,589.927,7.806,1.000,0.000000,
552.000,ARRIVED,6078,2,2,5,2.137,650.114,3.528,1.000,0.000000,
552.000,ARRIVED,6079,2,2,6,4.144,591.757,4.946,1.000,0.000000,
552.000,ARRIVED,6080,2,1,2,2.852,634.440,4.549,1.000,0.000000,
552.000,ARRIVED,6081,2,6,10,3.290,603.918,5.203,1.000,0.000000,
552.000,ARRIVED,6082,3,4,11,2.542,641.606,5.186,1.000,0.000000,
552.000,ARRIVED,6083,4,9,3,1.654,627.010,3.574,1.000,0.000000,
552.000,ARRIVED,6084,4,1,20,7.345,636.060,7.667,1.000,0.000000,
553.000,ARRIVED,6085,1,1,5,2.694,655.030,6.868,1.000,0.000000,
553.000,ARRIVED,6086,2,1,17,6.316,581.166,7.919,2.545,0.000000,
553.000,ARRIVED,6087,3,1,6,2.034,600.983,2.580,1.000,0.000000,
553.000,ARRIVED,6088,3,7,4,6.873,664.010,7.656,1.000,0.000000,
553.000,ARRIVED,6089,3,1,8,8.830,635.573,2.697,1.942,0.000000,
553.000,ARRIVED,6090,3,9,12,7.897,619.070,5.880,2.969,0.000000,
553.000,ARRIVED,6091,4,5,5,9.453,618.732,3.508,1.000,0.000000,
553.000,ARRIVED,6092,4,5,11,6.115,581.607,4.421,2.286,0.000000,
553.000,ARRIVED,6093,4,10,3,7.772,650.667,2.883,1.000,0.000000,
553.448,FINISHED,553,3,9,16,1.191,161.511,4.354,1.514,0.000000,
553.448,STARTED,582,3,1,15,7.656,82.023,3.136,1.000,0.000000,observed_rate=4.000
554.000,ARRIVED,6094,0,6,18,3.993,661.155,6.497,1.000,0.000000,
554.000,ARRIVED,6095,0,10,12,3.839,649.965,7.076,1.000,0.000000,
554.000,ARRIVED,6096,1,5,5,9.604,670.627,6.190,2.494,0.000000,
554.000,ARRIVED,6097,1,1,3,7.100,608.518,2.444,1.905,0.000000,
554.000,ARRIVED,6098,1,8,13,1.620,622.747,2.997,1.000,0.000000,
554.000,ARRIVED,6099,2,3,18,3.851,645.999,6.819,1.000,0.000000,
554.000,ARRIVED,6100,3,3,10,4.938,593.472,2.722,1.000,0.000000,
554.000,ARRIVED,6101,3,9,17,1.674,628.169,2.933,1.000,0.000000,
554.000,ARRIVED,6102,4,2,14,3.710,580.786,2.190,1.000,0.000000,
554.000,ARRIVED,6103,4,7,2,3.811,650.695,7.711,1.000,0.000000,
555.000,ARRIVED,6104,2,8,17,3.996,581.157,6.773,2.071,0.000000,
555.000,ARRIVED,6105,3,7,1,6.626,640.058,5.622,1.000,0.000000,
555.000,ARRIVED,6106,3,5,4,7.442,645.370,5.449,1.000,0.000000,
555.000,ARRIVED,6107,3,8,16,9.240,647.933,7.477,1.000,0.000000,
555.000,ARRIVED,6108,3,3,3,7.688,641.422,2.931,1.000,0.000000,
555.000,ARRIVED,6109,3,8,11,4.933,614.898,7.720,2.443,0.000000,
555.000,ARRIVED,6110,4,10,15,7.837,590.060,5.018,1.000,0.000000,
555.000,ARRIVED,6111,4,1,14,2.596,601.976,7.895,1.000,0.000000,
555.000,ARRIVED,6112,4,2,9,4.898,613.683,3.519,1.000,0.000000,
555.000,ARRIVED,6113,4,10,4,3.038,587.153,7.104,1.000,0.000000,
555.260,FINISHED,489,4,9,7,1.272,106.241,6.448,1.000,0.000000,
555.260,STARTED,490,4,6,19,9.605,129.393,5.510,1.000,0.000000,observed_rate=4.000
556.000,ARRIVED,6114,0,6,18,7.324,628.666,5.324,1.000,0.000000,
556.000,ARRIVED,6115,1,8,17,3.025,651.073,7.202,1.000,0.000000,
556.000,ARRIVED,6116,1,4,7,5.267,628.120,7.965,2.016,0.000000,
556.000,ARRIVED,6117,1,4,5,8.064,622.631,6.638,1.749,0.000000,
556.000,ARRIVED,6118,2,3,4,7.474,611.139,5.035,1.815,0.000000,
556.000,ARRIVED,6119,2,2,20,4.973,626.141,5.992,1.000,0.000000,
556.000,ARRIVED,6120,3,9,3,8.402,583.969,5.755,1.000,0.000000,
556.000,ARRIVED,6121,3,10,5,5.390,595.225,4.922,1.000,0.000000,
556.000,ARRIVED,6122,4,1,13,3.024,578.505,2.087,1.000,0.000000,
556.000,ARRIVED,6123,4,7,8,3.339,581.863,7.151,1.000,0.000000,
556.000,ARRIVED,6124,4,1,10,6.352,592.534,5.670,1.000,0.000000,
556.553,FINISHED,1548,0,1,6,7.386,245.016,4.595,1.000,0.000000,
556.553,STARTED,1563,0,5,10,7.683,190.641,6.492,1.000,0.000000,observed_rate=1.000
556.584,FINISHED,582,3,1,15,7.656,82.023,3.136,1.000,0.000000,
556.584,STARTED,583,3,5,7,5.171,94.676,5.733,1.000,0.000000,observed_rate=2.000
557.000,ARRIVED,6125,3,8,14,8.609,651.818,4.813,2.586,0.000000,
557.000,ARRIVED,6126,4,3,15,8.115,639.222,6.701,1.000,0.000000,
557.000,ARRIVED,6127,4,8,18,8.248,644.521,3.743,2.064,0.000000,
557.000,ARRIVED,6128,4,4,20,7.325,636.379,5.937,1.787,0.000000,
557.972,FINISHED,702,2,5,2,8.681,162.221,6.500,1.000,0.000000,
557.972,STARTED,703,2,2,12,1.757,103.229,7.029,1.000,0.000000,observed_rate=0.000
558.000,ARRIVED,6129,1,10,18,8.962,580.053,4.722,1.000,0.000000,
558.000,ARRIVED,6130,2,4,10,6.299,642.357,7.689,1.000,0.000000,
558.000,ARRIVED,6131,2,8,17,1.882,663.151,4.877,1.000,0.000000,
558.000,ARRIVED,6132,2,5,18,8.151,600.521,2.786,1.000,0.000000,
558.000,ARRIVED,6133,2,6,18,4.621,643.502,6.452,1.000,0.000000,
558.000,ARRIVED,6134,3,6,20,8.555,612.165,7.310,1.000,0.000000,
558.000,ARRIVED,6135,3,8,7,4.268,602.168,2.673,1.000,0.000000,
558.000,ARRIVED,6136,3,9,9,2.534,613.417,6.852,1.000,0.000000,
558.000,ARRIVED,6137,3,1,8,8.833,612.135,2.289,1.000,0.000000,
558.000,ARRIVED,6138,3,8,8,6.061,619.375,6.605,1.000,0.000000,
558.000,ARRIVED,6139,3,8,17,5.728,613.798,7.637,1.000,0.000000,
558.000,ARRIVED,6140,4,6,9,8.553,651.926,2.686,2.193,0.000000,
558.000,ARRIVED,6141,4,8,19,6.320,632.267,2.737,1.000,0.000000,
558.000,ARRIVED,6142,4,7,13,9.422,588.711,7.813,1.000,0.000000,
558.000,ARRIVED,6143,4,8,17,5.037,610.231,3.251,1.000,0.000000,
558.000,ARRIVED,6144,4,8,11,9.935,610.666,6.522,2.860,0.000000,
559.000,ARRIVED,6145,0,10,10,2.659,586.123,6.615,2.413,0.000000,
559.000,ARRIVED,6146,0,3,15,5.103,624.001,3.282,2.254,0.000000,
559.000,ARRIVED,6147,0,8,4,5.837,653.269,6.697,1.000,0.000000,
559.000,ARRIVED,6148,1,7,7,4.476,623.291,2.651,1.950,0.000000,
559.000,ARRIVED,6149,2,3,19,6.591,639.262,7.420,1.000,0.000000,
559.000,ARRIVED,6150,2,6,20,6.379,669.503,4.975,1.000,0.000000,
559.000,ARRIVED,6151,2,4,1,9.966,606.393,5.541,1.000,0.000000,
559.000,ARRIVED,6152,2,6,7,9.941,674.228,5.387,1.000,0.000000,
559.000,ARRIVED,6153,2,6,13,4.966,631.857,4.457,1.000,0.000000,
559.000,ARRIVED,6154,3,9,5,8.650,641.919,6.072,2.343,0.000000,
559.000,ARRIVED,6155,3,6,5,9.880,660.966,5.022,1.000,0.000000,
559.000,ARRIVED,6156,3,5,4,5.651,627.021,2.906,1.000,0.000000,
559.000,ARRIVED,6157,3,10,11,8.509,675.039,4.574,1.000,0.000000,
559.000,ARRIVED,6158,3,5,14,1.175,618.722,6.246,1.000,0.000000,
559.000,ARRIVED,6159,4,6,15,8.050,660.502,2.842,1.000,0.000000,
559.000,ARRIVED,6160,4,6,10,1.844,584.371,5.946,1.000,0.000000,
559.000,ARRIVED,6161,4,2,20,7.245,620.576,4.422,1.000,0.000000,
559.000,ARRIVED,6162,4,5,6,8.748,642.890,4.420,1.000,0.000000,
559.000,ARRIVED,6163,4,1,13,3.732,600.590,5.776,2.882,0.000000,
560.000,ARRIVED,6164,0,7,10,9.903,607.317,6.381,1.000,0.000000,
560.000,ARRIVED,6165,0,2,6,7.316,597.044,5.032,2.256,0.000000,
560.000,ARRIVED,6166,2,2,4,5.076,604.425,2.056,1.000,0.000000,
560.000,ARRIVED,6167,2,4,15,7.788,675.386,3.258,1.000,0.000000,
560.000,ARRIVED,6168,3,3,5,3.886,678.855,5.346,1.000,0.000000,
560.000,ARRIVED,6169,3,3,20,4.008,672.151,2.945,1.000,0.000000,
560.000,ARRIVED,6170,3,3,12,5.192,590.162,7.307,1.000,0.000000,
560.000,ARRIVED,6171,4,2,2,2.461,672.631,7.291,1.000,0.000000,
560.000,ARRIVED,6172,4,1,1,4.101,624.610,2.369,1.000,0.000000,
560.000,ARRIVED,6173,4,1,5,9.277,584.146,5.483,1.000,0.000000,
560.000,ARRIVED,6174,4,7,19,1.983,592.537,7.568,1.000,0.000000,
560.000,ARRIVED,6175,4,4,11,6.931,646.336,3.454,1.956,0.000000,
560.771,FINISHED,490,4,6,19,9.605,129.393,5.510,1.000,0.000000,
560.771,STARTED,491,4,10,7,2.964,117.088,3.945,1.000,0.000000,observed_rate=5.000
561.000,ARRIVED,6176,2,9,7,9.641,616.781,7.397,1.000,0.000000,
561.000,ARRIVED,6177,3,9,10,8.484,630.530,3.983,1.976,0.000000,
561.000,ARRIVED,6178,3,10,10,3.236,677.867,4.178,1.862,0.000000,
561.000,ARRIVED,6179,3,2,17,2.950,659.440,7.630,2.764,0.000000,
561.000,ARRIVED,6180,3,2,20,9.107,605.494,5.650,1.000,0.000000,
561.000,ARRIVED,6181,3,4,15,1.231,601.872,2.029,1.000,0.000000,
561.000,ARRIVED,6182,3,4,7,9.708,637.385,6.857,1.000,0.000000,
561.000,ARRIVED,6183,3,1,19,3.199,647.985,2.771,1.876,0.000000,
561.000,ARRIVED,6184,3,5,13,2.630,656.555,4.562,2.734,0.000000,
561.000,ARRIVED,6185,3,4,14,6.678,632.573,4.248,1.000,0.000000,
561.000,ARRIVED,6186,3,7,6,2.678,641.792,4.006,1.000,0.000000,
561.000,ARRIVED,6187,4,9,19,2.453,604.153,7.005,1.000,0.000000,
561.000,ARRIVED,6188,4,5,11,4.167,636.666,7.245,2.335,0.000000,
561.000,ARRIVED,6189,4,4,2,9.981,611.336,5.227,1.000,0.000000,
561.440,FINISHED,678,1,1,20,2.614,84.324,6.981,2.466,0.000000,
561.440,STARTED,679,1,8,2,7.670,107.857,4.025,1.000,0.000000,observed_rate=0.000
562.000,ARRIVED,6190,0,4,20,7.432,586.770,3.155,1.000,0.000000,
562.000,ARRIVED,6191,2,7,14,2.362,618.196,5.394,1.000,0.000000,
562.000,ARRIVED,6192,3,9,12,3.716,607.289,3.409,1.000,0.000000,
562.000,ARRIVED,6193,3,6,3,3.474,649.657,4.436,1.826,0.000000,
562.000,ARRIVED,6194,3,10,18,6.506,675.205,3.480,1.000,0.000000,
562.000,ARRIVED,6195,3,5,12,6.492,612.853,3.238,1.000,0.000000,
562.000,ARRIVED,6196,4,4,16,5.142,642.649,2.952,1.000,0.000000,
562.000,ARRIVED,6197,4,10,17,4.577,591.747,7.595,1.000,0.000000,
562.000,ARRIVED,6198,4,8,8,2.848,658.293,4.371,1.000,0.000000,
562.000,ARRIVED,6199,4,10,17,5.552,635.712,5.700,2.039,0.000000,
562.317,FINISHED,583,3,5,7,5.171,94.676,5.733,1.000,0.000000,
562.317,STARTED,592,3,7,2,4.741,157.658,6.718,1.000,0.000000,observed_rate=4.000
563.000,ARRIVED,6200,0,3,19,2.593,617.564,6.412,2.212,0.000000,
563.000,ARRIVED,6201,1,9,13,3.657,650.861,4.440,1.000,0.000000,
563.000,ARRIVED,6202,1,5,13,9.640,614.437,5.850,1.000,0.000000,
563.000,ARRIVED,6203,2,1,6,7.522,679.890,4.281,2.827,0.000000,
563.000,ARRIVED,6204,2,4,20,3.828,601.293,2.473,1.000,0.000000,
563.000,ARRIVED,6205,3,7,9,1.451,591.893,6.645,1.000,0.000000,
563.000,ARRIVED,6206,3,3,14,2.523,658.192,6.890,1.000,0.000000,
563.000,ARRIVED,6207,4,4,8,8.308,630.786,4.035,1.000,0.000000,
563.000,ARRIVED,6208,4,2,2,4.586,650.358,3.865,1.000,0.000000,
563.000,ARRIVED,6209,4,6,17,8.508,583.805,3.086,1.000,0.000000,
563.000,ARRIVED,6210,4,4,13,4.375,604.081,7.616,1.000,0.000000,
563.045,FINISHED,1563,0,5,10,7.683,190.641,6.492,1.000,0.000000,
563.045,STARTED,1599,0,1,1,5.849,209.833,5.917,1.000,0.000000,observed_rate=1.000
564.000,ARRIVED,6211,0,6,3,4.779,584.556,3.015,1.605,0.000000,
564.000,ARRIVED,6212,0,2,8,4.207,633.100,6.447,1.000,0.000000,
564.000,ARRIVED,6213,1,3,1,3.360,602.369,6.803,1.000,0.000000,
564.000,ARRIVED,6214,1,1,12,4.771,615.352,4.534,1.000,0.000000,
564.000,ARRIVED,6215,2,8,14,8.472,614.493,3.397,1.000,0.000000,
564.000,ARRIVED,6216,2,9,18,3.660,590.758,4.625,1.000,0.000000,
564.000,ARRIVED,6217,3,10,1,2.236,584.982,7.588,1.000,0.000000,
564.000,ARRIVED,6218,3,1,13,6.096,647.007,4.804,1.000,0.000000,
564.000,ARRIVED,6219,4,4,3,4.162,638.196,4.210,1.000,0.000000,
564.000,ARRIVED,6220,4,9,19,5.354,655.600,7.932,2.805,0.000000,
564.000,ARRIVED,6221,4,7,12,6.740,682.779,3.186,1.000,0.000000,
564.000,ARRIVED,6222,4,3,10,8.271,597.292,2.213,1.000,0.000000,
564.000,ARRIVED,6223,4,3,17,3.041,621.622,6.521,1.000,0.000000,
564.000,ARRIVED,6224,4,3,2,1.367,666.680,2.940,2.390,0.000000,
564.000,ARRIVED,6225,4,9,3,9.430,595.223,7.524,1.000,0.000000,
564.716,FINISHED,491,4,10,7,2.964,117.088,3.945,1.000,0.000000,
564.716,STARTED,492,4,8,1,3.249,133.586,3.559,1.000,0.000000,observed_rate=7.000
565.000,ARRIVED,6226,1,8,14,4.415,665.559,7.931,1.000,0.000000,
565.000,ARRIVED,6227,1,1,16,8.315,642.485,2.428,1.000,0.000000,
565.000,ARRIVED,6228,3,2,4,5.822,625.598,3.049,1.643,0.000000,
565.000,ARRIVED,6229,3,9,1,1.082,681.396,4.050,1.000,0.000000,
565.000,ARRIVED,6230,3,10,19,6.558,598.212,3.100,1.000,0.000000,
565.000,ARRIVED,6231,3,7,5,7.298,658.418,6.966,2.731,0.000000,
565.000,ARRIVED,6232,3,1,13,8.285,596.889,6.952,1.000,0.000000,
565.000,ARRIVED,6233,4,7,9,5.004,634.658,4.219,1.000,0.000000,
565.000,ARRIVED,6234,4,3,18,5.862,654.921,4.886,1.000,0.000000,
565.000,ARRIVED,6235,4,3,10,3.318,614.940,2.589,2.128,0.000000,
565.000,ARRIVED,6236,4,8,2,8.374,657.224,7.764,1.000,0.000000,
565.000,ARRIVED,6237,4,7,16,1.693,627.984,2.977,1.000,0.000000,
565.000,ARRIVED,6238,4,9,13,7.077,613.773,7.566,1.866,0.000000,
565.001,FINISHED,703,2,2,12,1.757,103.229,7.029,1.000,0.000000,
565.001,STARTED,722,2,2,11,6.853,91.897,6.641,1.000,0.000000,observed_rate=0.000
565.465,FINISHED,679,1,8,2,7.670,107.857,4.025,1.000,0.000000,
565.465,STARTED,680,1,4,10,6.439,145.819,4.363,1.000,0.000000,observed_rate=2.000
566.000,ARRIVED,6239,0,9,13,5.145,674.448,6.233,1.000,0.000000,
566.000,ARRIVED,6240,2,6,10,4.107,643.056,4.620,1.000,0.000000,
566.000,ARRIVED,6241,3,7,15,7.949,675.323,6.473,1.618,0.000000,
566.000,ARRIVED,6242,3,3,19,7.080,666.342,4.820,1.000,0.000000,
566.000,ARRIVED,6243,3,1,4,4.199,600.374,7.847,1.000,0.000000,
566.000,ARRIVED,6244,3,8,12,4.573,590.191,6.316,1.000,0.000000,
566.000,ARRIVED,6245,4,1,15,2.346,611.703,6.332,1.000,0.000000,
566.000,ARRIVED,6246,4,7,3,7.697,684.206,6.629,2.840,0.000000,
566.000,ARRIVED,6247,4,10,13,6.029,640.433,7.035,1.000,0.000000,
566.000,ARRIVED,6248,4,10,11,4.011,677.802,7.281,2.628,0.000000,
567.000,ARRIVED,6249,1,3,13,1.059,604.275,4.790,1.000,0.000000,
567.000,ARRIVED,6250,3,4,3,3.771,686.019,4.703,1.000,0.000000,
567.000,ARRIVED,6251,4,7,14,5.184,640.435,2.757,1.000,0.000000,
567.000,ARRIVED,6252,4,2,3,9.790,588.739,7.468,1.000,0.000000,
567.000,ARRIVED,6253,4,8,1,7.329,588.737,3.375,2.387,0.000000,
568.000,ARRIVED,6254,2,5,18,9.054,596.020,2.253,1.000,0.000000,
568.000,ARRIVED,6255,2,10,19,1.813,595.748,5.129,2.845,0.000000,
568.000,ARRIVED,6256,3,7,5,7.939,680.548,5.162,1.742,0.000000,
568.000,ARRIVED,6257,3,8,14,1.054,677.800,2.737,1.000,0.000000,
568.000,ARRIVED,6258,3,10,16,7.965,604.645,7.597,1.000,0.000000,
568.000,ARRIVED,6259,4,3,7,8.705,657.015,6.086,1.000,0.000000,
568.275,FINISHED,492,4,8,1,3.249,133.586,3.559,1.000,0.000000,
568.275,STARTED,511,4,5,9,7.065,120.644,6.490,1.000,0.000000,observed_rate=1.000
568.961,FINISHED,1599,0,1,1,5.849,209.833,5.917,1.000,0.000000,
568.961,STARTED,1600,0,2,8,2.198,252.018,4.755,1.000,0.000000,observed_rate=0.000
569.000,ARRIVED,6260,0,5,6,5.839,688.216,3.175,1.000,0.000000,
569.000,ARRIVED,6261,1,4,8,1.050,626.385,4.808,1.804,0.000000,
569.000,ARRIVED,6262,1,10,9,9.896,601.299,4.107,1.000,0.000000,
569.000,ARRIVED,6263,1,9,19,5.806,629.458,7.490,1.000,0.000000,
569.000,ARRIVED,6264,1,9,5,3.406,613.464,6.125,1.000,0.000000,
569.000,ARRIVED,6265,1,3,16,4.159,657.166,6.670,2.556,0.000000,
569.000,ARRIVED,6266,2,9,6,4.856,619.407,7.268,1.000,0.000000,
569.000,ARRIVED,6267,3,2,1,4.131,680.273,7.985,2.057,0.000000,
569.000,ARRIVED,6268,3,1,20,3.640,622.849,4.080,1.000,0.000000,
569.000,ARRIVED,6269,3,4,13,1.528,629.410,7.661,1.000,0.000000,
569.000,ARRIVED,6270,4,7,6,7.774,624.660,2.887,1.000,0.000000,
569.000,ARRIVED,6271,4,7,3,3.780,627.204,2.562,1.511,0.000000,
569.000,ARRIVED,6272,4,2,20,2.543,636.366,4.571,1.000,0.000000,
569.000,ARRIVED,6273,4,8,9,8.233,606.752,3.764,1.000,0.000000,
569.000,ARRIVED,6274,4,3,10,2.653,593.969,5.295,1.000,0.000000,
569.034,FINISHED,592,3,7,2,4.741,157.658,6.718,1.000,0.000000,
569.034,STARTED,593,3,5,16,7.173,90.557,5.220,1.000,0.000000,observed_rate=3.000
569.828,FINISHED,680,1,4,10,6.439,145.819,4.363,1.000,0.000000,
569.828,STARTED,697,1,5,12,3.075,128.464,4.562,2.833,0.000000,observed_rate=5.000
569.828,OFFLOADED,698,1,4,14,1.960,144.069,2.410,1.853,0.000000,trigger=REACTIVE;observed_rate=5.000;smoothed_rate=1.993;predicted_queue=697.000;deadline_risk=false;decision_score=0.000000;offload_count=1;destination_node=-1;destination_policy=DROP
569.828,OFFLOADED,719,1,9,3,6.354,151.344,7.914,1.000,0.000000,trigger=REACTIVE;observed_rate=5.000;smoothed_rate=1.993;predicted_queue=697.000;deadline_risk=false;decision_score=0.000000;offload_count=1;destination_node=-1;destination_policy=DROP
569.828,OFFLOADED,720,1,6,4,4.686,95.185,2.915,1.000,0.000000,trigger=REACTIVE;observed_rate=5.000;smoothed_rate=1.993;predicted_queue=697.000;deadline_risk=false;decision_score=0.000000;offload_count=1;destination_node=-1;destination_policy=DROP
569.828,OFFLOADED,721,1,2,10,4.701,178.054,6.614,1.000,0.000000,trigger=REACTIVE;observed_rate=5.000;smoothed_rate=1.993;predicted_queue=697.000;deadline_risk=false;decision_score=0.000000;offload_count=1;destination_node=-1;destination_policy=DROP
569.828,OFFLOADED,756,1,9,13,4.134,172.164,6.515,1.000,0.000000,trigger=REACTIVE;observed_rate=5.000;smoothed_rate=1.993;predicted_queue=697.000;deadline_risk=false;decision_score=0.000000;offload_count=1;destination_node=-1;destination_policy=DROP
570.000,ARRIVED,6275,1,7,4,8.462,625.418,7.281,1.000,0.000000,
570.000,ARRIVED,6276,2,4,18,6.901,603.730,3.840,1.000,0.000000,
570.000,ARRIVED,6277,2,2,20,3.712,601.780,5.619,1.000,0.000000,
570.000,ARRIVED,6278,2,5,7,1.497,650.124,4.999,2.022,0.000000,
570.000,ARRIVED,6279,3,5,3,4.240,669.664,2.675,1.000,0.000000,
570.000,ARRIVED,6280,3,6,18,5.444,628.395,4.859,1.000,0.000000,
570.000,ARRIVED,6281,4,1,20,4.342,645.499,3.365,1.000,0.000000,
570.000,ARRIVED,6282,4,9,20,3.914,615.187,2.793,1.000,0.000000,
570.000,ARRIVED,6283,4,1,18,7.150,620.558,5.888,1.000,0.000000,
570.000,ARRIVED,6284,4,5,1,8.183,592.281,3.732,2.037,0.000000,
570.000,ARRIVED,6285,4,3,12,4.970,635.501,6.458,1.000,0.000000,
571.000,ARRIVED,6286,0,6,5,1.731,673.200,7.019,1.827,0.000000,
571.000,ARRIVED,6287,2,8,5,3.726,629.445,3.047,2.611,0.000000,
571.000,ARRIVED,6288,2,1,6,3.860,603.055,2.425,1.000,0.000000,
571.000,ARRIVED,6289,2,4,14,4.514,631.429,7.626,2.276,0.000000,
571.000,ARRIVED,6290,3,3,16,8.605,668.693,3.841,1.000,0.000000,
571.000,ARRIVED,6291,3,6,14,2.509,634.137,6.109,1.000,0.000000,
571.000,ARRIVED,6292,3,7,8,8.730,639.970,5.308,1.000,0.000000,
571.000,ARRIVED,6293,4,2,10,6.840,613.801,2.367,1.000,0.000000,
571.000,ARRIVED,6294,4,6,9,9.988,644.635,2.209,2.336,0.000000,
571.000,ARRIVED,6295,4,2,5,2.117,665.213,5.335,1.000,0.000000,
571.000,ARRIVED,6296,4,7,9,6.406,618.523,2.120,1.000,0.000000,
571.643,FINISHED,722,2,2,11,6.853,91.897,6.641,1.000,0.000000,
571.643,STARTED,730,2,3,7,5.490,170.778,6.179,2.972,0.000000,observed_rate=3.000
571.643,OFFLOADED,731,2,6,9,8.732,159.361,6.284,2.486,0.000000,trigger=REACTIVE;observed_rate=3.000;smoothed_rate=2.091;predicted_queue=1064.000;deadline_risk=false;decision_score=0.000000;offload_count=1;destination_node=-1;destination_policy=DROP
571.643,OFFLOADED,740,2,10,16,2.006,112.967,6.019,1.000,0.000000,trigger=REACTIVE;observed_rate=3.000;smoothed_rate=2.091;predicted_queue=1064.000;deadline_risk=false;decision_score=0.000000;offload_count=1;destination_node=-1;destination_policy=DROP
571.643,OFFLOADED,741,2,3,9,6.649,167.791,5.058,1.000,0.000000,trigger=REACTIVE;observed_rate=3.000;smoothed_rate=2.091;predicted_queue=1064.000;deadline_risk=false;decision_score=0.000000;offload_count=1;destination_node=-1;destination_policy=DROP
571.643,OFFLOADED,750,2,9,6,1.488,121.184,5.340,1.000,0.000000,trigger=REACTIVE;observed_rate=3.000;smoothed_rate=2.091;predicted_queue=1064.000;deadline_risk=false;decision_score=0.000000;offload_count=1;destination_node=-1;destination_policy=DROP
571.643,OFFLOADED,751,2,7,15,7.192,136.830,2.622,1.000,0.000000,trigger=REACTIVE;observed_rate=3.000;smoothed_rate=2.091;predicted_queue=1064.000;deadline_risk=false;decision_score=0.000000;offload_count=1;destination_node=-1;destination_policy=DROP
572.000,ARRIVED,6297,0,6,17,9.900,673.001,7.808,1.000,0.000000,
572.000,ARRIVED,6298,1,9,20,6.096,664.884,6.117,2.206,0.000000,
572.000,ARRIVED,6299,2,3,13,6.191,606.525,2.827,1.000,0.000000,
572.000,ARRIVED,6300,3,3,8,1.357,617.462,2.452,1.000,0.000000,
572.000,ARRIVED,6301,3,7,15,5.032,683.524,4.641,1.000,0.000000,
572.000,ARRIVED,6302,3,4,15,8.715,606.899,7.936,1.000,0.000000,
572.000,ARRIVED,6303,3,5,10,5.124,594.736,4.601,1.000,0.000000,
572.000,ARRIVED,6304,4,8,18,4.039,597.208,7.129,1.000,0.000000,
572.000,ARRIVED,6305,4,3,20,5.663,616.282,3.372,2.346,0.000000,
572.000,ARRIVED,6306,4,4,2,9.584,612.989,2.278,1.000,0.000000,
572.000,ARRIVED,6307,4,5,20,4.200,595.410,4.561,1.000,0.000000,
572.000,ARRIVED,6308,4,10,1,2.007,611.204,2.146,1.000,0.000000,
573.000,ARRIVED,6309,1,7,15,4.648,602.149,7.840,1.000,0.000000,
573.000,ARRIVED,6310,3,2,1,4.458,677.871,4.146,1.994,0.000000,
573.000,ARRIVED,6311,3,1,10,8.515,608.924,6.763,1.000,0.000000,
573.000,ARRIVED,6312,3,5,6,6.057,606.849,4.562,1.000,0.000000,
573.000,ARRIVED,6313,3,10,15,5.871,639.661,5.981,1.000,0.000000,
573.000,ARRIVED,6314,4,2,1,7.972,611.058,5.482,2.070,0.000000,
573.000,ARRIVED,6315,4,5,6,4.067,654.009,2.108,1.000,0.000000,
573.000,ARRIVED,6316,4,1,4,6.994,634.929,4.460,2.866,0.000000,
573.716,FINISHED,1600,0,2,8,2.198,252.018,4.755,1.000,0.000000,
573.716,STARTED,1623,0,7,6,5.704,207.974,5.440,1.000,0.000000,observed_rate=0.000
574.000,ARRIVED,6317,0,3,2,4.829,681.476,5.495,1.699,0.000000,
574.000,ARRIVED,6318,0,3,5,1.732,671.799,3.522,1.000,0.000000,
574.000,ARRIVED,6319,1,10,8,9.318,609.138,7.591,1.000,0.000000,
574.000,ARRIVED,6320,1,9,12,3.124,639.456,3.824,1.000,0.000000,
574.000,ARRIVED,6321,1,9,5,6.189,693.101,2.429,1.000,0.000000,
574.000,ARRIVED,6322,1,10,1,1.615,688.474,7.323,1.000,0.000000,
574.000,ARRIVED,6323,2,10,18,5.982,639.700,6.534,1.000,0.000000,
574.000,ARRIVED,6324,2,2,17,3.322,595.915,2.301,1.000,0.000000,
574.000,ARRIVED,6325,2,6,10,9.399,689.070,2.567,1.913,0.000000,
574.000,ARRIVED,6326,2,7,11,4.873,653.744,5.347,1.000,0.000000,
574.000,ARRIVED,6327,2,10,18,7.566,645.413,3.998,1.568,0.000000,
574.000,ARRIVED,6328,2,6,19,7.512,597.620,5.838,1.000,0.000000,
574.000,ARRIVED,6329,2,6,14,5.256,639.993,5.510,2.648,0.000000,
574.000,ARRIVED,6330,3,5,20,4.646,605.684,2.669,1.695,0.000000,
574.000,ARRIVED,6331,3,4,7,9.869,673.004,3.042,2.885,0.000000,
574.000,ARRIVED,6332,3,1,14,8.740,641.038,2.703,1.000,0.000000,
574.000,ARRIVED,6333,4,4,15,5.318,612.674,6.078,1.000,0.000000,
574.000,ARRIVED,6334,4,8,4,3.407,661.114,3.311,1.000,0.000000,
574.000,ARRIVED,6335,4,8,14,3.817,674.869,5.284,2.477,0.000000,
574.254,FINISHED,593,3,5,16,7.173,90.557,5.220,1.000,0.000000,
574.254,STARTED,594,3,2,5,1.181,128.181,5.989,1.000,0.000000,observed_rate=3.000
574.765,FINISHED,511,4,5,9,7.065,120.644,6.490,1.000,0.000000,
574.765,STARTED,512,4,1,8,4.612,99.988,6.640,1.000,0.000000,observed_rate=3.000
575.000,ARRIVED,6336,0,4,20,2.848,687.181,3.567,1.000,0.000000,
575.000,ARRIVED,6337,1,10,18,4.720,628.348,3.641,1.000,0.000000,
575.000,ARRIVED,6338,2,8,12,2.188,678.727,2.862,2.601,0.000000,
575.000,ARRIVED,6339,2,5,12,9.486,694.896,4.105,1.000,0.000000,
575.000,ARRIVED,6340,2,3,13,5.100,656.542,4.643,1.000,0.000000,
575.000,ARRIVED,6341,3,10,19,4.311,635.708,2.810,1.000,0.000000,
575.000,ARRIVED,6342,3,5,11,5.645,624.984,7.092,1.000,0.000000,
575.000,ARRIVED,6343,4,3,13,1.853,632.356,3.929,1.000,0.000000,
575.000,ARRIVED,6344,4,8,13,4.366,682.500,2.009,2.530,0.000000,
575.000,ARRIVED,6345,4,1,15,3.987,623.696,2.685,1.000,0.000000,
576.000,ARRIVED,6346,0,10,7,4.508,599.957,3.698,2.006,0.000000,
576.000,ARRIVED,6347,1,4,9,7.912,663.689,6.777,1.000,0.000000,
576.000,ARRIVED,6348,1,7,16,1.490,689.772,7.949,1.733,0.000000,
576.000,ARRIVED,6349,1,5,8,3.629,607.186,4.594,1.000,0.000000,
576.000,ARRIVED,6350,2,9,16,5.211,669.256,7.364,1.000,0.000000,
576.000,ARRIVED,6351,2,10,10,8.465,669.552,3.136,2.791,0.000000,
576.000,ARRIVED,6352,3,4,8,2.214,634.162,7.506,1.000,0.000000,
576.000,ARRIVED,6353,3,10,4,9.899,622.889,2.986,1.000,0.000000,
576.000,ARRIVED,6354,3,5,1,1.862,621.282,5.921,1.000,0.000000,
576.000,ARRIVED,6355,3,1,18,5.801,659.857,6.585,1.000,0.000000,
576.000,ARRIVED,6356,3,9,6,9.533,623.957,5.435,1.000,0.000000,
576.000,ARRIVED,6357,4,4,4,9.097,684.730,7.964,2.958,0.000000,
576.000,ARRIVED,6358,4,7,7,5.410,688.030,6.591,1.000,0.000000,
576.000,ARRIVED,6359,4,5,19,6.121,636.981,2.926,1.590,0.000000,
576.000,ARRIVED,6360,4,4,11,3.526,675.225,3.987,1.000,0.000000,
576.000,ARRIVED,6361,4,6,4,9.500,608.580,4.753,2.893,0.000000,
577.000,ARRIVED,6362,0,4,14,7.808,687.134,6.537,1.000,0.000000,
577.000,ARRIVED,6363,1,1,6,8.732,655.799,6.147,1.000,0.000000,
577.000,ARRIVED,6364,2,8,11,1.749,624.351,2.429,1.000,0.000000,
577.000,ARRIVED,6365,2,8,1,2.345,640.600,6.226,1.000,0.000000,
577.000,ARRIVED,6366,2,7,19,5.714,686.334,4.006,1.000,0.000000,
577.000,ARRIVED,6367,3,7,2,8.898,669.904,5.858,1.000,0.000000,
577.000,ARRIVED,6368,4,7,3,2.328,622.319,5.006,1.000,0.000000,
577.000,ARRIVED,6369,4,1,20,6.682,669.916,3.787,1.000,0.000000,
578.000,ARRIVED,6370,0,5,18,9.233,617.050,3.629,1.000,0.000000,
578.000,ARRIVED,6371,0,8,20,2.803,630.926,5.325,1.000,0.000000,
578.000,ARRIVED,6372,1,10,4,7.491,603.033,5.440,1.000,0.000000,
578.000,ARRIVED,6373,2,6,12,1.844,654.856,2.949,1.000,0.000000,
578.000,ARRIVED,6374,3,5,13,6.590,656.997,2.917,1.000,0.000000,
578.000,ARRIVED,6375,3,1,13,9.800,693.045,7.739,1.673,0.000000,
578.000,ARRIVED,6376,3,3,7,4.853,608.199,6.651,1.000,0.000000,
578.000,ARRIVED,6377,3,9,17,5.889,621.123,7.164,2.109,0.000000,
578.000,ARRIVED,6378,4,1,17,4.584,644.675,6.759,1.000,0.000000,
578.000,ARRIVED,6379,4,6,2,9.790,613.415,7.587,2.578,0.000000,
578.000,ARRIVED,6380,4,1,5,7.968,667.217,7.860,1.000,0.000000,
578.000,ARRIVED,6381,4,6,14,1.207,681.448,7.785,1.000,0.000000,
579.000,ARRIVED,6382,1,5,14,5.590,669.838,7.114,1.000,0.000000,
579.000,ARRIVED,6383,2,2,16,9.880,664.913,4.929,1.000,0.000000,
579.000,ARRIVED,6384,3,2,6,1.610,656.663,6.589,1.000,0.000000,
579.000,ARRIVED,6385,4,5,17,5.028,614.541,4.639,1.000,0.000000,
579.000,ARRIVED,6386,4,3,4,4.310,688.122,5.935,1.000,0.000000,
579.000,ARRIVED,6387,4,9,14,5.267,627.671,3.260,1.000,0.000000,
579.157,FINISHED,1623,0,7,6,5.704,207.974,5.440,1.000,0.000000,
579.157,STARTED,1624,0,2,20,2.156,203.312,7.855,1.889,0.000000,observed_rate=0.000
580.000,ARRIVED,6388,1,2,2,7.131,659.242,2.580,1.000,0.000000,
580.000,ARRIVED,6389,1,5,3,3.163,679.389,4.713,2.005,0.000000,
580.000,ARRIVED,6390,2,1,20,2.127,600.921,7.163,1.000,0.000000,
580.000,ARRIVED,6391,2,5,17,5.974,667.943,4.009,1.000,0.000000,
580.000,ARRIVED,6392,2,3,12,7.522,632.731,5.255,1.000,0.000000,
580.000,ARRIVED,6393,2,5,15,3.188,654.334,7.125,1.000,0.000000,
580.000,ARRIVED,6394,2,10,18,8.857,654.441,7.273,1.000,0.000000,
580.000,ARRIVED,6395,3,1,16,4.821,670.386,7.373,1.000,0.000000,
580.000,ARRIVED,6396,3,2,5,6.423,693.810,5.690,1.000,0.000000,
580.000,ARRIVED,6397,3,5,8,7.384,620.523,4.134,1.000,0.000000,
580.000,ARRIVED,6398,3,8,15,2.776,633.444,6.208,1.000,0.000000,
580.000,ARRIVED,6399,3,3,11,2.990,675.745,3.252,2.836,0.000000,
580.000,ARRIVED,6400,4,6,18,7.597,645.678,2.576,1.000,0.000000,
580.000,ARRIVED,6401,4,6,14,8.086,680.848,7.998,2.379,0.000000,
580.000,ARRIVED,6402,4,6,20,8.563,657.599,3.373,1.000,0.000000,
580.000,ARRIVED,6403,4,7,19,8.869,669.623,4.668,1.000,0.000000,
580.000,ARRIVED,6404,4,1,4,4.641,691.575,7.831,1.585,0.000000,
580.000,ARRIVED,6405,4,5,1,8.611,631.842,4.270,1.000,0.000000,
580.243,FINISHED,594,3,2,5,1.181,128.181,5.989,1.000,0.000000,
580.243,STARTED,595,3,3,10,3.944,131.992,5.567,1.000,0.000000,observed_rate=5.000
581.000,ARRIVED,6406,1,8,19,6.487,662.293,5.734,2.101,0.000000,
581.000,ARRIVED,6407,2,4,15,1.464,695.647,5.884,1.803,0.000000,
581.000,ARRIVED,6408,2,5,10,5.167,685.433,2.096,2.637,0.000000,
581.000,ARRIVED,6409,3,9,20,1.486,649.851,6.422,2.420,0.000000,
581.000,ARRIVED,6410,3,7,4,8.640,608.708,2.170,1.000,0.000000,
581.000,ARRIVED,6411,4,7,7,5.166,627.055,4.934,1.000,0.000000,
581.000,ARRIVED,6412,4,1,20,1.150,697.628,7.435,1.000,0.000000,
581.000,ARRIVED,6413,4,9,18,5.281,660.785,2.528,1.000,0.000000,
581.000,ARRIVED,6414,4,8,1,1.962,689.764,4.220,1.000,0.000000,
581.000,ARRIVED,6415,4,5,14,3.220,614.823,3.726,2.733,0.000000,
581.000,ARRIVED,6416,4,5,15,6.675,624.496,6.167,2.571,0.000000,
581.404,FINISHED,512,4,1,8,4.612,99.988,6.640,1.000,0.000000,
581.404,STARTED,513,4,1,19,4.554,70.359,5.303,1.000,0.000000,observed_rate=6.000
582.000,ARRIVED,6417,0,7,17,1.415,681.727,5.410,1.000,0.000000,
582.000,ARRIVED,6418,1,6,8,5.214,650.836,2.766,1.000,0.000000,
582.000,ARRIVED,6419,1,6,9,5.274,659.497,7.827,1.000,0.000000,
582.000,ARRIVED,6420,2,5,2,1.693,676.170,6.238,1.000,0.000000,
582.000,ARRIVED,6421,2,2,11,2.703,668.295,3.813,1.000,0.000000,
582.000,ARRIVED,6422,3,8,2,7.861,614.150,3.628,1.000,0.000000,
582.000,ARRIVED,6423,4,4,19,9.397,646.024,6.105,1.000,0.000000,
582.000,ARRIVED,6424,4,6,4,2.567,690.744,7.015,1.992,0.000000,
582.000,ARRIVED,6425,4,2,16,1.232,653.410,4.075,1.000,0.000000,
582.000,ARRIVED,6426,4,1,11,4.280,635.963,7.859,1.738,0.000000,
582.751,FINISHED,697,1,5,12,3.075,128.464,4.562,2.833,0.000000,
582.751,STARTED,767,1,2,14,4.630,179.244,4.732,1.000,0.000000,observed_rate=2.000
583.000,ARRIVED,6427,0,2,10,2.745,619.064,5.840,2.826,0.000000,
583.000,ARRIVED,6428,1,4,12,9.632,624.121,5.912,2.715,0.000000,
583.000,ARRIVED,6429,1,8,5,4.853,696.889,4.088,1.000,0.000000,
583.000,ARRIVED,6430,2,4,18,7.252,613.757,2.581,1.000,0.000000,
583.000,ARRIVED,6431,2,7,12,4.729,624.071,4.267,1.000,0.000000,
583.000,ARRIVED,6432,2,3,3,3.126,653.126,4.824,1.000,0.000000,
583.000,ARRIVED,6433,2,4,5,5.369,634.304,6.575,1.000,0.000000,
583.000,ARRIVED,6434,3,9,18,7.041,695.555,7.938,2.834,0.000000,
583.000,ARRIVED,6435,3,1,10,3.375,692.387,7.717,1.000,0.000000,
583.000,ARRIVED,6436,3,5,20,8.351,694.306,7.755,2.871,0.000000,
583.000,ARRIVED,6437,3,5,15,3.764,693.300,5.344,2.560,0.000000,
583.000,ARRIVED,6438,3,2,18,4.319,640.960,4.161,1.000,0.000000,
583.000,ARRIVED,6439,4,9,5,8.613,616.202,3.245,1.000,0.000000,
583.000,ARRIVED,6440,4,8,15,3.694,606.509,7.415,1.000,0.000000,
584.000,ARRIVED,6441,1,3,13,2.387,625.441,2.298,1.000,0.000000,
584.000,ARRIVED,6442,2,6,6,4.080,629.657,2.118,1.000,0.000000,
584.000,ARRIVED,6443,2,5,8,5.737,629.807,7.419,2.662,0.000000,
584.000,ARRIVED,6444,3,5,3,8.052,604.076,6.709,1.000,0.000000,
584.000,ARRIVED,6445,3,8,13,3.089,605.215,5.653,1.000,0.000000,
584.000,ARRIVED,6446,3,3,4,6.186,618.945,6.858,1.000,0.000000,
584.000,ARRIVED,6447,4,2,4,8.381,696.529,2.296,2.119,0.000000,
584.000,ARRIVED,6448,4,1,12,1.479,703.157,5.346,1.000,0.000000,
584.000,ARRIVED,6449,4,1,17,6.756,685.819,7.622,2.603,0.000000,
584.000,ARRIVED,6450,4,3,17,2.881,627.651,5.150,1.000,0.000000,
584.000,ARRIVED,6451,4,2,1,6.299,623.897,2.617,1.000,0.000000,
584.000,ARRIVED,6452,4,10,6,7.124,605.124,6.861,1.000,0.000000,
585.000,ARRIVED,6453,0,2,5,6.084,683.270,3.977,1.000,0.000000,
585.000,ARRIVED,6454,2,3,12,7.421,612.096,6.448,2.338,0.000000,
585.000,ARRIVED,6455,2,4,3,6.564,703.369,2.633,1.000,0.000000,
585.000,ARRIVED,6456,2,9,5,9.708,677.001,2.863,1.000,0.000000,
585.000,ARRIVED,6457,2,7,11,3.843,666.818,5.048,1.000,0.000000,
585.000,ARRIVED,6458,3,9,1,5.696,617.459,4.259,2.129,0.000000,
585.000,ARRIVED,6459,3,8,20,7.504,698.185,7.154,1.000,0.000000,
585.000,ARRIVED,6460,3,4,2,7.082,697.487,2.790,1.000,0.000000,
585.000,ARRIVED,6461,4,1,19,9.801,605.185,4.680,1.000,0.000000,
585.000,ARRIVED,6462,4,2,8,5.338,686.246,6.126,2.846,0.000000,
585.000,ARRIVED,6463,4,9,15,7.654,658.767,5.994,1.000,0.000000,
585.000,ARRIVED,6464,4,1,18,3.147,700.141,6.894,1.000,0.000000,
585.000,ARRIVED,6465,4,9,3,7.569,645.782,4.759,2.196,0.000000,
585.809,FINISHED,595,3,3,10,3.944,131.992,5.567,1.000,0.000000,
585.809,STARTED,605,3,4,17,9.170,170.111,4.347,2.237,0.000000,observed_rate=3.000
585.809,OFFLOADED,606,3,6,11,7.947,158.554,3.587,1.907,0.000000,trigger=REACTIVE;observed_rate=3.000;smoothed_rate=3.058;predicted_queue=1545.000;deadline_risk=false;decision_score=0.000000;offload_count=1;destination_node=-1;destination_policy=DROP
585.809,OFFLOADED,607,3,9,1,4.215,156.262,2.711,2.846,0.000000,trigger=REACTIVE;observed_rate=3.000;smoothed_rate=3.058;predicted_queue=1545.000;deadline_risk=false;decision_score=0.000000;offload_count=1;destination_node=-1;destination_policy=DROP
585.809,OFFLOADED,618,3,8,9,2.343,152.694,7.796,1.000,0.000000,trigger=REACTIVE;observed_rate=3.000;smoothed_rate=3.058;predicted_queue=1545.000;deadline_risk=false;decision_score=0.000000;offload_count=1;destination_node=-1;destination_policy=DROP
585.809,OFFLOADED,619,3,10,14,9.915,115.395,6.084,1.704,0.000000,trigger=REACTIVE;observed_rate=3.000;smoothed_rate=3.058;predicted_queue=1545.000;deadline_risk=false;decision_score=0.000000;offload_count=1;destination_node=-1;destination_policy=DROP
585.809,OFFLOADED,620,3,3,5,7.442,97.655,3.741,1.000,0.000000,trigger=REACTIVE;observed_rate=3.000;smoothed_rate=3.058;predicted_queue=1545.000;deadline_risk=false;decision_score=0.000000;offload_count=1;destination_node=-1;destination_policy=DROP
586.000,ARRIVED,6466,1,10,9,6.579,619.505,7.575,2.478,0.000000,
586.000,ARRIVED,6467,1,9,17,6.881,687.698,3.113,2.249,0.000000,
586.000,ARRIVED,6468,2,2,20,3.176,633.652,4.914,1.000,0.000000,
586.000,ARRIVED,6469,2,4,18,9.239,664.270,2.031,1.000,0.000000,
586.000,ARRIVED,6470,3,8,6,1.452,614.197,3.049,1.000,0.000000,
586.000,ARRIVED,6471,3,7,12,4.415,682.111,5.777,1.000,0.000000,
586.000,ARRIVED,6472,4,2,11,3.771,684.618,5.474,1.711,0.000000,
586.000,ARRIVED,6473,4,4,12,5.281,640.496,7.007,1.668,0.000000,
586.000,ARRIVED,6474,4,5,20,9.920,670.575,6.674,1.000,0.000000,
586.000,ARRIVED,6475,4,3,17,9.782,705.220,6.863,1.000,0.000000,
586.000,ARRIVED,6476,4,8,16,6.113,703.458,4.966,2.254,0.000000,
586.707,FINISHED,513,4,1,19,4.554,70.359,5.303,1.000,0.000000,
586.707,STARTED,524,4,7,20,4.076,101.012,6.275,1.000,0.000000,observed_rate=5.000
587.000,ARRIVED,6477,0,2,18,2.463,699.418,3.757,1.000,0.000000,
587.000,ARRIVED,6478,1,9,13,6.720,664.669,2.571,1.000,0.000000,
587.000,ARRIVED,6479,1,6,4,7.476,621.290,2.109,2.117,0.000000,
587.000,ARRIVED,6480,2,8,15,9.013,616.437,7.790,1.000,0.000000,
587.000,ARRIVED,6481,3,10,4,3.429,613.990,5.331,1.000,0.000000,
587.000,ARRIVED,6482,3,10,3,1.401,646.507,3.296,2.977,0.000000,
587.000,ARRIVED,6483,3,10,9,1.827,698.331,2.878,1.000,0.000000,
587.000,ARRIVED,6484,3,7,14,5.728,661.309,6.339,1.000,0.000000,
587.000,ARRIVED,6485,3,6,3,1.570,692.902,7.434,1.625,0.000000,
587.000,ARRIVED,6486,4,5,19,4.321,676.936,6.423,1.000,0.000000,
587.000,ARRIVED,6487,4,4,13,7.822,697.327,4.757,1.000,0.000000,
587.483,FINISHED,767,1,2,14,4.630,179.244,4.732,1.000,0.000000,
587.483,STARTED,768,1,9,4,6.361,142.346,4.466,2.286,0.000000,observed_rate=2.000
588.000,ARRIVED,6488,1,7,16,8.794,640.984,7.201,1.000,0.000000,
588.000,ARRIVED,6489,1,4,9,9.925,651.829,3.090,1.000,0.000000,
588.000,ARRIVED,6490,2,2,7,2.261,672.574,2.554,2.480,0.000000,
588.000,ARRIVED,6491,2,8,2,6.469,614.485,5.049,1.000,0.000000,
588.000,ARRIVED,6492,2,6,5,9.154,624.079,4.453,1.000,0.000000,
588.000,ARRIVED,6493,3,8,10,4.065,638.065,7.040,1.000,0.000000,
588.000,ARRIVED,6494,4,2,7,4.064,622.432,2.662,1.000,0.000000,
588.000,ARRIVED,6495,4,4,9,7.705,679.786,6.518,1.000,0.000000,
589.000,ARRIVED,6496,1,5,13,6.559,636.022,3.412,1.000,0.000000,
589.000,ARRIVED,6497,1,10,6,4.425,630.267,4.202,1.000,0.000000,
589.000,ARRIVED,6498,2,1,18,1.167,694.930,6.559,1.000,0.000000,
589.000,ARRIVED,6499,2,9,7,6.086,689.254,5.006,2.828,0.000000,
589.000,ARRIVED,6500,2,5,18,9.171,703.481,2.004,1.000,0.000000,
589.000,ARRIVED,6501,3,5,15,4.106,674.247,4.018,1.000,0.000000,
589.000,ARRIVED,6502,3,7,15,4.362,707.639,7.523,1.000,0.000000,
589.000,ARRIVED,6503,3,3,10,1.847,621.903,5.116,1.000,0.000000,
589.000,ARRIVED,6504,4,9,4,6.766,644.295,6.311,1.000,0.000000,
589.000,ARRIVED,6505,4,7,19,9.267,686.920,5.788,1.000,0.000000,
590.000,ARRIVED,6506,1,8,17,6.739,706.505,6.442,1.000,0.000000,
590.000,ARRIVED,6507,1,8,11,4.953,650.250,6.203,1.000,0.000000,
590.000,ARRIVED,6508,3,10,17,1.394,612.852,7.617,1.000,0.000000,
590.000,ARRIVED,6509,3,6,11,4.244,635.082,3.345,1.000,0.000000,
590.000,ARRIVED,6510,4,6,8,5.955,695.966,4.766,1.000,0.000000,
590.000,ARRIVED,6511,4,7,10,1.986,644.610,6.677,2.375,0.000000,
590.000,ARRIVED,6512,4,2,15,5.264,639.424,4.188,1.000,0.000000,
590.000,ARRIVED,6513,4,3,16,6.843,703.343,6.541,2.423,0.000000,
590.000,ARRIVED,6514,4,5,2,8.130,650.236,2.861,2.310,0.000000,
590.000,ARRIVED,6515,4,3,14,2.494,668.478,3.659,1.000,0.000000,
590.004,FINISHED,730,2,3,7,5.490,170.778,6.179,2.972,0.000000,
590.004,STARTED,757,2,2,11,6.450,106.381,3.817,1.000,0.000000,observed_rate=0.000
591.000,ARRIVED,6516,1,4,1,6.466,656.552,5.840,1.689,0.000000,
591.000,ARRIVED,6517,1,2,15,5.671,650.504,7.498,2.991,0.000000,
591.000,ARRIVED,6518,1,7,5,7.852,615.285,3.705,1.000,0.000000,
591.000,ARRIVED,6519,2,10,8,2.664,621.986,6.866,1.000,0.000000,
591.000,ARRIVED,6520,2,4,13,9.686,631.039,6.701,1.000,0.000000,
591.000,ARRIVED,6521,2,6,15,9.039,704.695,3.018,1.000,0.000000,
591.000,ARRIVED,6522,3,3,9,9.387,612.108,3.112,1.000,0.000000,
591.000,ARRIVED,6523,3,8,19,5.954,641.391,5.707,2.706,0.000000,
591.000,ARRIVED,6524,3,4,2,3.148,678.663,3.375,1.000,0.000000,
591.000,ARRIVED,6525,3,10,4,3.411,698.734,7.032,1.000,0.000000,
591.000,ARRIVED,6526,3,10,8,2.203,704.784,5.085,1.000,0.000000,
591.000,ARRIVED,6527,3,10,19,5.541,661.381,6.772,1.000,0.000000,
591.000,ARRIVED,6528,3,1,4,6.574,640.761,2.813,1.000,0.000000,
591.000,ARRIVED,6529,4,7,1,5.788,629.527,7.073,1.000,0.000000,
591.000,ARRIVED,6530,4,5,4,7.017,648.818,4.608,1.000,0.000000,
591.000,ARRIVED,6531,4,4,5,3.080,646.331,7.055,2.543,0.000000,
591.000,ARRIVED,6532,4,3,16,3.186,654.358,7.899,1.000,0.000000,
591.000,ARRIVED,6533,4,10,1,5.390,639.414,4.177,1.000,0.000000,
592.000,ARRIVED,6534,1,9,16,2.254,700.468,2.203,1.000,0.000000,
592.000,ARRIVED,6535,1,4,6,1.711,614.247,4.604,1.000,0.000000,
592.000,ARRIVED,6536,1,10,5,5.988,647.588,3.195,1.000,0.000000,
592.000,ARRIVED,6537,2,7,2,2.141,652.549,3.022,1.000,0.000000,
592.000,ARRIVED,6538,2,5,13,4.851,620.746,2.241,1.000,0.000000,
592.000,ARRIVED,6539,2,1,12,4.204,631.809,5.815,1.000,0.000000,
592.000,ARRIVED,6540,2,9,11,7.231,679.609,7.703,2.011,0.000000,
592.000,ARRIVED,6541,3,5,2,3.056,656.576,4.899,1.000,0.000000,
592.000,ARRIVED,6542,3,8,10,5.899,700.615,6.710,1.839,0.000000,
592.000,ARRIVED,6543,4,7,6,6.884,707.170,5.126,1.000,0.000000,
592.000,ARRIVED,6544,4,9,3,3.323,676.718,4.588,1.000,0.000000,
592.000,ARRIVED,6545,4,4,2,5.743,709.185,2.673,2.033,0.000000,
592.000,ARRIVED,6546,4,10,14,1.524,662.655,7.859,1.000,0.000000,
592.000,ARRIVED,6547,4,5,19,1.474,680.661,6.741,1.000,0.000000,
592.982,FINISHED,524,4,7,20,4.076,101.012,6.275,1.000,0.000000,
592.982,STARTED,525,4,5,1,7.040,160.601,5.731,2.574,0.000000,observed_rate=5.000
592.982,OFFLOADED,526,4,6,8,5.849,70.623,3.775,1.000,0.000000,trigger=REACTIVE;observed_rate=5.000;smoothed_rate=4.438;predicted_queue=2126.000;deadline_risk=false;decision_score=0.000000;offload_count=1;destination_node=-1;destination_policy=DROP
592.982,OFFLOADED,527,4,8,14,7.959,165.219,4.008,2.634,0.000000,trigger=REACTIVE;observed_rate=5.000;smoothed_rate=4.438;predicted_queue=2126.000;deadline_risk=false;decision_score=0.000000;offload_count=1;destination_node=-1;destination_policy=DROP
592.982,OFFLOADED,532,4,6,16,9.188,74.374,7.527,1.000,0.000000,trigger=REACTIVE;observed_rate=5.000;smoothed_rate=4.438;predicted_queue=2126.000;deadline_risk=false;decision_score=0.000000;offload_count=1;destination_node=-1;destination_policy=DROP
592.982,OFFLOADED,533,4,8,16,7.047,122.154,4.172,1.000,0.000000,trigger=REACTIVE;observed_rate=5.000;smoothed_rate=4.438;predicted_queue=2126.000;deadline_risk=false;decision_score=0.000000;offload_count=1;destination_node=-1;destination_policy=DROP
592.982,OFFLOADED,534,4,3,18,6.665,94.867,2.975,1.000,0.000000,trigger=REACTIVE;observed_rate=5.000;smoothed_rate=4.438;predicted_queue=2126.000;deadline_risk=false;decision_score=0.000000;offload_count=1;destination_node=-1;destination_policy=DROP
593.000,ARRIVED,6548,0,1,6,1.127,615.466,6.858,1.000,0.000000,
593.000,ARRIVED,6549,1,10,4,2.840,631.824,2.261,1.000,0.000000,
593.000,ARRIVED,6550,2,10,8,3.541,622.873,5.298,1.000,0.000000,
593.000,ARRIVED,6551,2,5,19,9.830,652.872,2.474,1.000,0.000000,
593.000,ARRIVED,6552,3,7,18,9.038,639.778,4.318,1.000,0.000000,
593.000,ARRIVED,6553,3,3,1,4.060,707.644,3.639,1.000,0.000000,
593.000,ARRIVED,6554,4,2,20,5.014,674.230,7.770,1.000,0.000000,
593.000,ARRIVED,6555,4,7,8,9.531,661.733,4.109,2.273,0.000000,
593.000,ARRIVED,6556,4,2,12,6.523,671.350,2.124,2.829,0.000000,
593.000,ARRIVED,6557,4,1,15,3.789,627.114,3.112,1.000,0.000000,
593.821,FINISHED,757,2,2,11,6.450,106.381,3.817,1.000,0.000000,
593.821,STARTED,758,2,1,13,6.628,127.604,5.924,1.000,0.000000,observed_rate=2.000
593.993,FINISHED,1624,0,2,20,2.156,203.312,7.855,1.889,0.000000,
593.993,STARTED,1640,0,9,1,6.261,254.543,7.837,1.000,0.000000,observed_rate=1.000
594.000,ARRIVED,6558,0,6,20,1.588,691.256,7.201,1.000,0.000000,
594.000,ARRIVED,6559,1,1,10,6.842,691.887,5.756,1.000,0.000000,
594.000,ARRIVED,6560,1,7,19,4.876,619.552,7.028,2.982,0.000000,
594.000,ARRIVED,6561,1,7,17,2.120,658.185,4.793,1.000,0.000000,
594.000,ARRIVED,6562,2,1,8,5.877,665.935,2.977,1.000,0.000000,
594.000,ARRIVED,6563,3,1,1,5.744,622.355,4.458,1.000,0.000000,
594.000,ARRIVED,6564,4,4,7,5.659,673.210,5.306,1.000,0.000000,
595.000,ARRIVED,6565,1,1,10,9.516,683.494,2.070,1.000,0.000000,
595.000,ARRIVED,6566,1,1,2,5.079,672.486,3.555,1.000,0.000000,
595.000,ARRIVED,6567,1,1,6,2.390,615.248,2.862,2.363,0.000000,
595.000,ARRIVED,6568,2,2,1,4.320,616.145,7.696,1.663,0.000000,
595.000,ARRIVED,6569,2,2,5,8.341,685.995,4.368,1.000,0.000000,
595.000,ARRIVED,6570,2,8,7,6.190,678.883,6.152,2.272,0.000000,
595.000,ARRIVED,6571,3,3,6,3.572,678.405,7.406,1.000,0.000000,
595.000,ARRIVED,6572,3,4,13,2.481,638.129,2.814,1.000,0.000000,
595.000,ARRIVED,6573,3,8,17,6.665,693.172,4.088,1.000,0.000000,
595.000,ARRIVED,6574,4,10,16,6.683,616.389,7.681,1.000,0.000000,
595.000,ARRIVED,6575,4,3,11,3.744,652.815,2.204,1.000,0.000000,
595.534,FINISHED,605,3,4,17,9.170,170.111,4.347,2.237,0.000000,
595.534,STARTED,621,3,3,10,4.250,149.142,4.950,1.000,0.000000,observed_rate=3.000
596.000,ARRIVED,6576,0,2,6,9.377,699.284,3.638,1.000,0.000000,
596.000,ARRIVED,6577,1,4,20,5.872,697.740,7.457,2.569,0.000000,
596.000,ARRIVED,6578,1,6,6,4.591,616.523,4.048,1.000,0.000000,
596.000,ARRIVED,6579,1,9,6,8.568,633.189,7.362,1.000,0.000000,
596.000,ARRIVED,6580,2,9,4,5.350,655.067,4.688,2.686,0.000000,
596.000,ARRIVED,6581,3,9,7,8.320,666.478,3.276,1.000,0.000000,
596.000,ARRIVED,6582,3,3,8,8.012,699.378,7.459,1.000,0.000000,
596.000,ARRIVED,6583,3,10,5,6.588,674.451,6.784,2.786,0.000000,
596.000,ARRIVED,6584,4,4,9,7.858,666.379,4.269,1.000,0.000000,
596.000,ARRIVED,6585,4,5,16,2.724,690.157,5.399,1.000,0.000000,
596.000,ARRIVED,6586,4,10,19,8.554,658.704,4.385,1.000,0.000000,
596.000,ARRIVED,6587,4,1,1,1.861,678.069,6.763,1.000,0.000000,
596.000,ARRIVED,6588,4,5,2,5.350,673.547,7.535,1.000,0.000000,
596.000,ARRIVED,6589,4,9,12,4.735,708.450,6.803,1.000,0.000000,
597.000,ARRIVED,6590,1,4,2,1.629,658.382,3.812,2.606,0.000000,
597.000,ARRIVED,6591,1,7,9,9.837,662.237,6.749,1.000,0.000000,
597.000,ARRIVED,6592,2,8,6,4.298,658.851,2.139,1.000,0.000000,
597.000,ARRIVED,6593,2,3,19,7.981,705.303,7.737,1.000,0.000000,
597.000,ARRIVED,6594,2,4,15,3.915,694.958,6.443,1.000,0.000000,
597.000,ARRIVED,6595,3,7,13,4.408,704.988,6.071,2.019,0.000000,
597.000,ARRIVED,6596,3,7,15,1.308,623.452,7.014,1.000,0.000000,
597.000,ARRIVED,6597,3,6,8,3.928,621.705,2.379,1.000,0.000000,
597.000,ARRIVED,6598,3,8,3,6.204,626.662,5.509,1.000,0.000000,
597.000,ARRIVED,6599,3,6,19,7.505,713.906,7.747,1.000,0.000000,
597.000,ARRIVED,6600,3,2,17,3.515,633.391,6.985,1.000,0.000000,
597.000,ARRIVED,6601,4,3,20,7.655,681.228,7.735,2.160,0.000000,
597.691,FINISHED,768,1,9,4,6.361,142.346,4.466,2.286,0.000000,
597.691,STARTED,769,1,8,2,6.194,95.571,3.704,1.000,0.000000,observed_rate=2.000
598.000,ARRIVED,6602,2,1,10,8.307,657.139,4.241,1.625,0.000000,
598.000,ARRIVED,6603,2,1,18,1.795,636.184,6.928,1.000,0.000000,
598.000,ARRIVED,6604,3,5,6,6.942,643.267,6.146,1.000,0.000000,
598.000,ARRIVED,6605,3,10,4,4.905,686.778,5.833,1.000,0.000000,
598.000,ARRIVED,6606,3,9,17,6.574,663.307,4.415,1.000,0.000000,
598.000,ARRIVED,6607,3,5,15,4.442,689.120,7.637,1.000,0.000000,
598.000,ARRIVED,6608,3,5,4,6.461,651.131,5.706,1.000,0.000000,
598.000,ARRIVED,6609,3,2,5,3.772,672.328,2.916,2.073,0.000000,
598.000,ARRIVED,6610,4,5,5,7.330,679.565,6.280,2.835,0.000000,
598.000,ARRIVED,6611,4,10,7,7.179,690.161,2.488,1.000,0.000000,
598.000,ARRIVED,6612,4,2,14,9.158,715.603,7.238,1.000,0.000000,
598.000,ARRIVED,6613,4,9,17,8.796,685.078,7.210,1.000,0.000000,
598.000,ARRIVED,6614,4,8,12,2.756,628.755,2.577,1.000,0.000000,
599.000,ARRIVED,6615,0,8,8,3.877,658.682,5.750,2.764,0.000000,
599.000,ARRIVED,6616,1,6,4,5.982,703.169,7.591,1.696,0.000000,
599.000,ARRIVED,6617,2,2,4,3.079,650.264,3.599,1.000,0.000000,
599.000,ARRIVED,6618,4,6,11,5.177,650.732,3.903,1.000,0.000000,
599.000,ARRIVED,6619,4,3,3,5.151,686.145,7.929,1.000,0.000000,
599.000,ARRIVED,6620,4,3,1,3.898,634.818,3.553,1.000,0.000000,
599.000,ARRIVED,6621,4,2,7,1.638,643.217,6.381,1.000,0.000000,
599.000,ARRIVED,6622,4,9,9,7.996,621.974,5.920,2.145,0.000000,
599.745,FINISHED,758,2,1,13,6.628,127.604,5.924,1.000,0.000000,
599.745,STARTED,759,2,3,17,3.126,168.172,3.312,1.000,0.000000,observed_rate=1.000
